2,24,12,20,7,Optimal,201.76,params-6.txt,oas/oa-24-7-1
-1 0 -1 -1 -1 -1 -1 -1 -1 
1 0 -1 -1 -1 -1 -1 -1 1 
1 1 -1 -1 -1 1 1 1 -1 
0 -1 -1 -1 1 -1 1 1 -1 
-1 1 -1 -1 1 1 -1 1 1 
0 -1 -1 -1 1 1 1 -1 1 
-1 0 -1 1 -1 -1 1 1 1 
0 -1 -1 1 -1 1 -1 1 -1 
0 0 -1 1 -1 1 1 -1 1 
1 0 -1 1 1 -1 -1 1 1 
0 1 -1 1 1 -1 1 -1 -1 
0 0 -1 1 1 1 -1 -1 -1 
0 0 1 -1 -1 -1 1 1 1 
0 -1 1 -1 -1 1 -1 1 1 
-1 0 1 -1 -1 1 1 -1 -1 
0 0 1 -1 1 -1 -1 1 -1 
0 1 1 -1 1 -1 1 -1 1 
1 0 1 -1 1 1 -1 -1 -1 
0 1 1 1 -1 -1 -1 1 -1 
1 -1 1 1 -1 -1 1 -1 -1 
0 1 1 1 -1 1 -1 -1 1 
-1 -1 1 1 1 -1 -1 -1 1 
-1 0 1 1 1 1 1 1 -1 
1 0 1 1 1 1 1 1 1 
2,24,12,20,5,Optimal,208.763,params-6.txt,oas/oa-24-5-1
0 -1 -1 -1 -1 -1 -1 
0 1 -1 -1 -1 -1 -1 
0 1 -1 -1 -1 1 1 
1 -1 -1 -1 1 -1 1 
0 0 -1 -1 1 1 -1 
-1 0 -1 -1 1 1 1 
-1 0 -1 1 -1 -1 1 
1 0 -1 1 -1 1 -1 
0 -1 -1 1 -1 1 1 
-1 0 -1 1 1 -1 -1 
1 1 -1 1 1 -1 1 
0 0 -1 1 1 1 -1 
0 0 1 -1 -1 -1 1 
-1 -1 1 -1 -1 1 -1 
1 0 1 -1 -1 1 1 
0 1 1 -1 1 -1 -1 
-1 0 1 -1 1 -1 1 
1 0 1 -1 1 1 -1 
1 0 1 1 -1 -1 -1 
0 0 1 1 -1 -1 1 
-1 1 1 1 -1 1 -1 
0 -1 1 1 1 -1 -1 
0 1 1 1 1 1 1 
0 -1 1 1 1 1 1 
2,24,12,16,8,Optimal,214.066,params-5.txt,oas/oa-24-8-1
-1 -1 -1 -1 -1 -1 -1 -1 -1 -1 
1 1 -1 -1 -1 -1 -1 -1 1 1 
1 0 -1 -1 -1 1 1 1 -1 -1 
-1 1 -1 -1 1 -1 1 1 -1 1 
0 0 -1 -1 1 1 -1 1 1 -1 
0 -1 -1 -1 1 1 1 -1 1 1 
0 -1 -1 1 -1 -1 1 1 1 1 
0 0 -1 1 -1 1 -1 1 -1 1 
-1 1 -1 1 -1 1 1 -1 1 -1 
0 0 -1 1 1 -1 -1 1 1 -1 
1 0 -1 1 1 -1 1 -1 -1 -1 
0 0 -1 1 1 1 -1 -1 -1 1 
0 0 1 -1 -1 -1 1 1 1 -1 
-1 0 1 -1 -1 1 -1 1 1 1 
0 0 1 -1 -1 1 1 -1 -1 1 
1 -1 1 -1 1 -1 -1 1 -1 1 
0 0 1 -1 1 -1 1 -1 1 -1 
0 1 1 -1 1 1 -1 -1 -1 -1 
0 1 1 1 -1 -1 -1 1 -1 -1 
0 0 1 1 -1 -1 1 -1 -1 1 
1 -1 1 1 -1 1 -1 -1 1 -1 
-1 0 1 1 1 -1 -1 -1 1 1 
-1 -1 1 1 1 1 1 1 -1 -1 
1 1 1 1 1 1 1 1 1 1 
2,24,12,16,7,Optimal,218.296,params-5.txt,oas/oa-24-7-1
0 0 -1 -1 -1 -1 -1 -1 -1 
0 0 -1 -1 -1 -1 -1 -1 1 
1 0 -1 -1 -1 1 1 1 -1 
0 0 -1 -1 1 -1 1 1 -1 
0 -1 -1 -1 1 1 -1 1 1 
-1 1 -1 -1 1 1 1 -1 1 
-1 -1 -1 1 -1 -1 1 1 1 
-1 1 -1 1 -1 1 -1 1 -1 
1 0 -1 1 -1 1 1 -1 1 
1 1 -1 1 1 -1 -1 1 1 
0 0 -1 1 1 -1 1 -1 -1 
0 -1 -1 1 1 1 -1 -1 -1 
0 1 1 -1 -1 -1 1 1 1 
0 0 1 -1 -1 1 -1 1 1 
-1 -1 1 -1 -1 1 1 -1 -1 
-1 0 1 -1 1 -1 -1 1 -1 
1 -1 1 -1 1 -1 1 -1 1 
1 1 1 -1 1 1 -1 -1 -1 
1 -1 1 1 -1 -1 -1 1 -1 
0 1 1 1 -1 -1 1 -1 -1 
0 0 1 1 -1 1 -1 -1 1 
-1 0 1 1 1 -1 -1 -1 1 
0 0 1 1 1 1 1 1 -1 
0 0 1 1 1 1 1 1 1 
2,24,12,20,6,Optimal,219.113,params-6.txt,oas/oa-24-6-1
1 0 -1 -1 -1 -1 -1 -1 
-1 0 -1 -1 -1 -1 -1 1 
0 0 -1 -1 -1 1 1 -1 
-1 0 -1 -1 1 -1 1 -1 
1 1 -1 -1 1 1 -1 1 
0 -1 -1 -1 1 1 1 1 
0 1 -1 1 -1 -1 1 1 
0 -1 -1 1 -1 1 -1 -1 
0 0 -1 1 -1 1 1 1 
0 -1 -1 1 1 -1 -1 1 
1 0 -1 1 1 -1 1 -1 
-1 1 -1 1 1 1 -1 -1 
1 -1 1 -1 -1 -1 1 1 
-1 0 1 -1 -1 1 -1 1 
0 1 1 -1 -1 1 1 -1 
0 0 1 -1 1 -1 -1 -1 
0 1 1 -1 1 -1 1 1 
0 -1 1 -1 1 1 -1 -1 
0 1 1 1 -1 -1 -1 -1 
-1 -1 1 1 -1 -1 1 -1 
1 0 1 1 -1 1 -1 1 
0 0 1 1 1 -1 -1 1 
1 0 1 1 1 1 1 -1 
-1 0 1 1 1 1 1 1 
2,24,12,20,4,Optimal,237.781,params-6.txt,oas/oa-24-4-1
0 0 -1 -1 -1 -1 
1 -1 -1 -1 -1 -1 
-1 0 -1 -1 -1 1 
-1 0 -1 -1 1 -1 
1 1 -1 -1 1 1 
0 0 -1 -1 1 1 
0 1 -1 1 -1 -1 
0 1 -1 1 -1 1 
0 -1 -1 1 -1 1 
1 0 -1 1 1 -1 
-1 0 -1 1 1 -1 
0 -1 -1 1 1 1 
0 1 1 -1 -1 -1 
-1 0 1 -1 -1 1 
1 0 1 -1 -1 1 
0 -1 1 -1 1 -1 
0 1 1 -1 1 -1 
0 -1 1 -1 1 1 
-1 -1 1 1 -1 -1 
0 0 1 1 -1 -1 
1 0 1 1 -1 1 
1 0 1 1 1 -1 
0 0 1 1 1 1 
-1 1 1 1 1 1 
2,24,12,16,4,Optimal,261.476,params-5.txt,oas/oa-24-4-1
0 0 -1 -1 -1 -1 
0 -1 -1 -1 -1 -1 
0 0 -1 -1 -1 1 
1 0 -1 -1 1 -1 
-1 1 -1 -1 1 1 
0 0 -1 -1 1 1 
-1 1 -1 1 -1 -1 
1 0 -1 1 -1 1 
0 0 -1 1 -1 1 
-1 -1 -1 1 1 -1 
1 1 -1 1 1 -1 
0 -1 -1 1 1 1 
0 1 1 -1 -1 -1 
1 1 1 -1 -1 1 
-1 -1 1 -1 -1 1 
0 0 1 -1 1 -1 
-1 0 1 -1 1 -1 
1 -1 1 -1 1 1 
1 -1 1 1 -1 -1 
0 0 1 1 -1 -1 
-1 0 1 1 -1 1 
0 0 1 1 1 -1 
0 0 1 1 1 1 
0 1 1 1 1 1 
2,24,12,16,5,Optimal,262.935,params-5.txt,oas/oa-24-5-1
1 1 -1 -1 -1 -1 -1 
-1 -1 -1 -1 -1 -1 -1 
0 1 -1 -1 -1 1 1 
0 0 -1 -1 1 -1 1 
0 0 -1 -1 1 1 -1 
0 -1 -1 -1 1 1 1 
1 -1 -1 1 -1 -1 1 
-1 0 -1 1 -1 1 -1 
0 0 -1 1 -1 1 1 
0 0 -1 1 1 -1 -1 
-1 1 -1 1 1 -1 1 
1 0 -1 1 1 1 -1 
-1 0 1 -1 -1 -1 1 
1 -1 1 -1 -1 1 -1 
0 0 1 -1 -1 1 1 
0 0 1 -1 1 -1 -1 
1 0 1 -1 1 -1 1 
-1 1 1 -1 1 1 -1 
0 1 1 1 -1 -1 -1 
0 0 1 1 -1 -1 1 
0 0 1 1 -1 1 -1 
0 -1 1 1 1 -1 -1 
-1 -1 1 1 1 1 1 
1 1 1 1 1 1 1 
2,24,12,16,6,Optimal,265.676,params-5.txt,oas/oa-24-6-1
1 0 -1 -1 -1 -1 -1 -1 
0 0 -1 -1 -1 -1 -1 1 
-1 -1 -1 -1 -1 1 1 -1 
0 0 -1 -1 1 -1 1 -1 
0 1 -1 -1 1 1 -1 1 
0 0 -1 -1 1 1 1 1 
0 0 -1 1 -1 -1 1 1 
-1 1 -1 1 -1 1 -1 -1 
1 0 -1 1 -1 1 1 1 
-1 -1 -1 1 1 -1 -1 1 
0 1 -1 1 1 -1 1 -1 
1 -1 -1 1 1 1 -1 -1 
-1 1 1 -1 -1 -1 1 1 
0 -1 1 -1 -1 1 -1 1 
1 1 1 -1 -1 1 1 -1 
-1 0 1 -1 1 -1 -1 -1 
1 -1 1 -1 1 -1 1 1 
0 0 1 -1 1 1 -1 -1 
0 0 1 1 -1 -1 -1 -1 
0 -1 1 1 -1 -1 1 -1 
0 0 1 1 -1 1 -1 1 
1 1 1 1 1 -1 -1 1 
0 0 1 1 1 1 1 -1 
-1 0 1 1 1 1 1 1 
2,24,8,12,4,Optimal,294.774,params-3.txt,oas/oa-24-4-1
1 1 -1 -1 -1 -1 
-1 -1 -1 -1 -1 -1 
-1 0 -1 -1 -1 1 
0 1 -1 -1 1 -1 
1 -1 -1 -1 1 1 
0 0 -1 -1 1 1 
0 0 -1 1 -1 -1 
1 1 -1 1 -1 1 
0 -1 -1 1 -1 1 
1 -1 -1 1 1 -1 
-1 0 -1 1 1 -1 
-1 1 -1 1 1 1 
1 -1 1 -1 -1 -1 
1 0 1 -1 -1 1 
-1 1 1 -1 -1 1 
-1 -1 1 -1 1 -1 
0 1 1 -1 1 -1 
0 0 1 -1 1 1 
0 0 1 1 -1 -1 
-1 1 1 1 -1 -1 
0 -1 1 1 -1 1 
1 0 1 1 1 -1 
1 1 1 1 1 1 
-1 -1 1 1 1 1 
2,32,8,12,4,Optimal,302.161,params-8.txt,oas/oa-32-4-1
1 -1 -1 -1 -1 -1 
1 -1 -1 -1 -1 -1 
-1 1 -1 -1 -1 1 
0 0 -1 -1 -1 1 
0 1 -1 -1 1 -1 
-1 -1 -1 -1 1 -1 
-1 0 -1 -1 1 1 
1 1 -1 -1 1 1 
0 0 -1 1 -1 -1 
-1 1 -1 1 -1 -1 
1 1 -1 1 -1 1 
-1 -1 -1 1 -1 1 
1 1 -1 1 1 -1 
-1 0 -1 1 1 -1 
0 -1 -1 1 1 1 
1 -1 -1 1 1 1 
-1 1 1 -1 -1 -1 
0 1 1 -1 -1 -1 
-1 -1 1 -1 -1 1 
1 0 1 -1 -1 1 
-1 -1 1 -1 1 -1 
1 1 1 -1 1 -1 
1 -1 1 -1 1 1 
0 0 1 -1 1 1 
1 0 1 1 -1 -1 
-1 -1 1 1 -1 -1 
0 -1 1 1 -1 1 
1 1 1 1 -1 1 
1 -1 1 1 1 -1 
0 0 1 1 1 -1 
-1 1 1 1 1 1 
-1 1 1 1 1 1 
2,24,4,8,4,Optimal,311.896,params-2.txt,oas/oa-24-4-1
1 -1 -1 -1 -1 -1 
-1 -1 -1 -1 -1 -1 
-1 1 -1 -1 -1 1 
-1 1 -1 -1 1 -1 
1 1 -1 -1 1 1 
1 -1 -1 -1 1 1 
1 1 -1 1 -1 -1 
1 0 -1 1 -1 1 
-1 0 -1 1 -1 1 
0 1 -1 1 1 -1 
0 -1 -1 1 1 -1 
-1 -1 -1 1 1 1 
1 1 1 -1 -1 -1 
0 -1 1 -1 -1 1 
0 1 1 -1 -1 1 
1 0 1 -1 1 -1 
-1 0 1 -1 1 -1 
-1 -1 1 -1 1 1 
-1 -1 1 1 -1 -1 
-1 1 1 1 -1 -1 
1 -1 1 1 -1 1 
1 -1 1 1 1 -1 
-1 1 1 1 1 1 
1 1 1 1 1 1 
2,24,8,16,4,Optimal,318.421,params-4.txt,oas/oa-24-4-1
0 -1 -1 -1 -1 -1 
1 1 -1 -1 -1 -1 
-1 0 -1 -1 -1 1 
-1 1 -1 -1 1 -1 
0 -1 -1 -1 1 1 
1 0 -1 -1 1 1 
-1 0 -1 1 -1 -1 
1 1 -1 1 -1 1 
0 -1 -1 1 -1 1 
0 -1 -1 1 1 -1 
1 0 -1 1 1 -1 
-1 1 -1 1 1 1 
1 -1 1 -1 -1 -1 
-1 0 1 -1 -1 1 
0 1 1 -1 -1 1 
-1 -1 1 -1 1 -1 
0 1 1 -1 1 -1 
1 0 1 -1 1 1 
0 1 1 1 -1 -1 
-1 0 1 1 -1 -1 
1 -1 1 1 -1 1 
1 0 1 1 1 -1 
-1 -1 1 1 1 1 
0 1 1 1 1 1 
2,32,8,12,5,Optimal,317.652,params-8.txt,oas/oa-32-5-1
1 -1 -1 -1 -1 -1 -1 
-1 -1 -1 -1 -1 -1 1 
1 1 -1 -1 -1 1 -1 
-1 1 -1 -1 -1 1 1 
0 1 -1 -1 1 -1 -1 
0 0 -1 -1 1 -1 1 
1 -1 -1 -1 1 1 -1 
-1 0 -1 -1 1 1 1 
0 1 -1 1 -1 -1 -1 
0 0 -1 1 -1 -1 1 
-1 -1 -1 1 -1 1 -1 
1 0 -1 1 -1 1 1 
-1 1 -1 1 1 -1 -1 
1 -1 -1 1 1 -1 1 
-1 -1 -1 1 1 1 -1 
1 1 -1 1 1 1 1 
-1 -1 1 -1 -1 -1 -1 
1 1 1 -1 -1 -1 1 
-1 1 1 -1 -1 1 -1 
1 -1 1 -1 -1 1 1 
-1 0 1 -1 1 -1 -1 
1 1 1 -1 1 -1 1 
0 0 1 -1 1 1 -1 
0 -1 1 -1 1 1 1 
1 0 1 1 -1 -1 -1 
-1 1 1 1 -1 -1 1 
0 0 1 1 -1 1 -1 
0 -1 1 1 -1 1 1 
1 -1 1 1 1 -1 -1 
-1 -1 1 1 1 -1 1 
1 1 1 1 1 1 -1 
-1 1 1 1 1 1 1 
2,32,8,12,6,Optimal,329.889,params-8.txt,oas/oa-32-6-1
0 -1 -1 -1 -1 -1 -1 -1 
1 -1 -1 -1 -1 -1 1 1 
1 1 -1 -1 -1 1 -1 1 
-1 0 -1 -1 -1 1 1 -1 
0 1 -1 -1 1 -1 -1 1 
1 1 -1 -1 1 -1 1 -1 
-1 -1 -1 -1 1 1 -1 -1 
-1 0 -1 -1 1 1 1 1 
-1 -1 -1 1 -1 -1 -1 1 
0 0 -1 1 -1 -1 1 -1 
1 1 -1 1 -1 1 -1 -1 
-1 1 -1 1 -1 1 1 1 
-1 1 -1 1 1 -1 -1 -1 
0 0 -1 1 1 -1 1 1 
1 -1 -1 1 1 1 -1 1 
1 -1 -1 1 1 1 1 -1 
-1 1 1 -1 -1 -1 -1 1 
-1 1 1 -1 -1 -1 1 -1 
0 0 1 -1 -1 1 -1 -1 
1 -1 1 -1 -1 1 1 1 
1 -1 1 -1 1 -1 -1 -1 
-1 -1 1 -1 1 -1 1 1 
0 0 1 -1 1 1 -1 1 
1 1 1 -1 1 1 1 -1 
1 0 1 1 -1 -1 -1 -1 
1 1 1 1 -1 -1 1 1 
-1 -1 1 1 -1 1 -1 1 
0 -1 1 1 -1 1 1 -1 
1 0 1 1 1 -1 -1 1 
-1 -1 1 1 1 -1 1 -1 
-1 1 1 1 1 1 -1 -1 
0 1 1 1 1 1 1 1 
2,32,4,8,4,Optimal,332.099,params-7.txt,oas/oa-32-4-1
1 -1 -1 -1 -1 -1 
-1 1 -1 -1 -1 -1 
-1 1 -1 -1 -1 1 
1 1 -1 -1 -1 1 
1 0 -1 -1 1 -1 
1 0 -1 -1 1 -1 
-1 -1 -1 -1 1 1 
-1 -1 -1 -1 1 1 
-1 -1 -1 1 -1 -1 
-1 1 -1 1 -1 -1 
1 -1 -1 1 -1 1 
1 -1 -1 1 -1 1 
-1 -1 -1 1 1 -1 
1 1 -1 1 1 -1 
0 1 -1 1 1 1 
0 1 -1 1 1 1 
0 -1 1 -1 -1 -1 
0 -1 1 -1 -1 -1 
1 1 1 -1 -1 1 
-1 -1 1 -1 -1 1 
-1 1 1 -1 1 -1 
-1 1 1 -1 1 -1 
1 -1 1 -1 1 1 
1 1 1 -1 1 1 
1 1 1 1 -1 -1 
1 1 1 1 -1 -1 
-1 0 1 1 -1 1 
-1 0 1 1 -1 1 
1 -1 1 1 1 -1 
-1 -1 1 1 1 -1 
-1 1 1 1 1 1 
1 -1 1 1 1 1 
2,24,12,20,8,Optimal,356.644,params-6.txt,oas/oa-24-8-1
0 -1 -1 -1 -1 -1 -1 -1 -1 -1 
0 1 -1 -1 -1 -1 -1 -1 1 1 
0 0 -1 -1 -1 1 1 1 -1 -1 
-1 0 -1 -1 1 -1 1 1 -1 1 
0 1 -1 -1 1 1 -1 1 1 -1 
1 -1 -1 -1 1 1 1 -1 1 1 
0 0 -1 1 -1 -1 1 1 1 1 
1 0 -1 1 -1 1 -1 1 -1 1 
-1 0 -1 1 -1 1 1 -1 1 -1 
0 -1 -1 1 1 -1 -1 1 1 -1 
1 1 -1 1 1 -1 1 -1 -1 -1 
-1 0 -1 1 1 1 -1 -1 -1 1 
1 0 1 -1 -1 -1 1 1 1 -1 
-1 -1 1 -1 -1 1 -1 1 1 1 
0 1 1 -1 -1 1 1 -1 -1 1 
1 0 1 -1 1 -1 -1 1 -1 1 
-1 0 1 -1 1 -1 1 -1 1 -1 
0 0 1 -1 1 1 -1 -1 -1 -1 
-1 1 1 1 -1 -1 -1 1 -1 -1 
0 -1 1 1 -1 -1 1 -1 -1 1 
1 0 1 1 -1 1 -1 -1 1 -1 
0 0 1 1 1 -1 -1 -1 1 1 
0 -1 1 1 1 1 1 1 -1 -1 
0 1 1 1 1 1 1 1 1 1 
2,32,8,16,4,Optimal,301.215,params-9.txt,oas/oa-32-4-1
1 0 -1 -1 -1 -1 
1 0 -1 -1 -1 -1 
0 1 -1 -1 -1 1 
-1 -1 -1 -1 -1 1 
-1 -1 -1 -1 1 -1 
0 1 -1 -1 1 -1 
-1 0 -1 -1 1 1 
1 0 -1 -1 1 1 
-1 1 -1 1 -1 -1 
0 -1 -1 1 -1 -1 
-1 -1 -1 1 -1 1 
1 1 -1 1 -1 1 
-1 1 -1 1 1 -1 
1 -1 -1 1 1 -1 
0 1 -1 1 1 1 
1 -1 -1 1 1 1 
-1 1 1 -1 -1 -1 
0 -1 1 -1 -1 -1 
-1 1 1 -1 -1 1 
1 -1 1 -1 -1 1 
1 1 1 -1 1 -1 
-1 -1 1 -1 1 -1 
1 -1 1 -1 1 1 
0 1 1 -1 1 1 
-1 0 1 1 -1 -1 
1 0 1 1 -1 -1 
0 -1 1 1 -1 1 
1 1 1 1 -1 1 
0 -1 1 1 1 -1 
1 1 1 1 1 -1 
-1 0 1 1 1 1 
-1 0 1 1 1 1 
2,32,8,16,6,Optimal,319.748,params-9.txt,oas/oa-32-6-1
1 1 -1 -1 -1 -1 -1 -1 
0 -1 -1 -1 -1 -1 1 1 
1 1 -1 -1 -1 1 -1 1 
-1 0 -1 -1 -1 1 1 -1 
0 -1 -1 -1 1 -1 -1 1 
-1 1 -1 -1 1 -1 1 -1 
1 -1 -1 -1 1 1 -1 -1 
-1 0 -1 -1 1 1 1 1 
-1 -1 -1 1 -1 -1 -1 1 
1 0 -1 1 -1 -1 1 -1 
-1 -1 -1 1 -1 1 -1 -1 
0 1 -1 1 -1 1 1 1 
-1 1 -1 1 1 -1 -1 -1 
1 0 -1 1 1 -1 1 1 
0 1 -1 1 1 1 -1 1 
1 -1 -1 1 1 1 1 -1 
-1 1 1 -1 -1 -1 -1 1 
0 -1 1 -1 -1 -1 1 -1 
-1 0 1 -1 -1 1 -1 -1 
1 -1 1 -1 -1 1 1 1 
0 -1 1 -1 1 -1 -1 -1 
1 1 1 -1 1 -1 1 1 
-1 0 1 -1 1 1 -1 1 
1 1 1 -1 1 1 1 -1 
1 0 1 1 -1 -1 -1 -1 
-1 1 1 1 -1 -1 1 1 
1 -1 1 1 -1 1 -1 1 
0 1 1 1 -1 1 1 -1 
1 0 1 1 1 -1 -1 1 
-1 -1 1 1 1 -1 1 -1 
0 1 1 1 1 1 -1 -1 
-1 -1 1 1 1 1 1 1 
2,32,8,16,5,Optimal,325.225,params-9.txt,oas/oa-32-5-1
-1 -1 -1 -1 -1 -1 -1 
-1 0 -1 -1 -1 -1 1 
1 1 -1 -1 -1 1 -1 
1 0 -1 -1 -1 1 1 
1 -1 -1 -1 1 -1 -1 
-1 1 -1 -1 1 -1 1 
-1 1 -1 -1 1 1 -1 
1 -1 -1 -1 1 1 1 
0 -1 -1 1 -1 -1 -1 
0 1 -1 1 -1 -1 1 
0 1 -1 1 -1 1 -1 
0 -1 -1 1 -1 1 1 
1 1 -1 1 1 -1 -1 
1 0 -1 1 1 -1 1 
-1 -1 -1 1 1 1 -1 
-1 0 -1 1 1 1 1 
1 0 1 -1 -1 -1 -1 
1 1 1 -1 -1 -1 1 
-1 0 1 -1 -1 1 -1 
-1 -1 1 -1 -1 1 1 
0 1 1 -1 1 -1 -1 
0 -1 1 -1 1 -1 1 
0 -1 1 -1 1 1 -1 
0 1 1 -1 1 1 1 
-1 1 1 1 -1 -1 -1 
1 -1 1 1 -1 -1 1 
1 -1 1 1 -1 1 -1 
-1 1 1 1 -1 1 1 
-1 0 1 1 1 -1 -1 
-1 -1 1 1 1 -1 1 
1 0 1 1 1 1 -1 
1 1 1 1 1 1 1 
2,32,12,16,4,Optimal,75.8574,params-10.txt,oas/oa-32-4-1
1 1 -1 -1 -1 -1 
-1 -1 -1 -1 -1 -1 
1 -1 -1 -1 -1 1 
0 0 -1 -1 -1 1 
1 -1 -1 -1 1 -1 
-1 1 -1 -1 1 -1 
0 0 -1 -1 1 1 
-1 1 -1 -1 1 1 
-1 0 -1 1 -1 -1 
1 1 -1 1 -1 -1 
-1 0 -1 1 -1 1 
0 0 -1 1 -1 1 
0 -1 -1 1 1 -1 
0 0 -1 1 1 -1 
1 1 -1 1 1 1 
0 -1 -1 1 1 1 
0 1 1 -1 -1 -1 
-1 -1 1 -1 -1 -1 
0 0 1 -1 -1 1 
0 1 1 -1 -1 1 
1 0 1 -1 1 -1 
0 0 1 -1 1 -1 
-1 -1 1 -1 1 1 
1 0 1 -1 1 1 
0 0 1 1 -1 -1 
1 -1 1 1 -1 -1 
1 -1 1 1 -1 1 
-1 1 1 1 -1 1 
0 0 1 1 1 -1 
-1 1 1 1 1 -1 
-1 -1 1 1 1 1 
1 1 1 1 1 1 
2,32,12,16,6,Optimal,165.688,params-10.txt,oas/oa-32-6-1
1 1 -1 -1 -1 -1 -1 -1 
0 0 -1 -1 -1 -1 1 1 
-1 -1 -1 -1 -1 1 -1 1 
1 1 -1 -1 -1 1 1 -1 
0 0 -1 -1 1 -1 -1 1 
-1 0 -1 -1 1 -1 1 -1 
0 -1 -1 -1 1 1 -1 -1 
0 0 -1 -1 1 1 1 1 
-1 1 -1 1 -1 -1 -1 1 
0 -1 -1 1 -1 -1 1 -1 
-1 0 -1 1 -1 1 -1 -1 
1 -1 -1 1 -1 1 1 1 
1 -1 -1 1 1 -1 -1 -1 
0 0 -1 1 1 -1 1 1 
1 1 -1 1 1 1 -1 1 
-1 1 -1 1 1 1 1 -1 
1 -1 1 -1 -1 -1 -1 1 
-1 -1 1 -1 -1 -1 1 -1 
0 0 1 -1 -1 1 -1 -1 
-1 1 1 -1 -1 1 1 1 
-1 1 1 -1 1 -1 -1 -1 
1 0 1 -1 1 -1 1 1 
0 1 1 -1 1 1 -1 1 
1 -1 1 -1 1 1 1 -1 
0 0 1 1 -1 -1 -1 -1 
0 1 1 1 -1 -1 1 1 
1 0 1 1 -1 1 -1 1 
0 0 1 1 -1 1 1 -1 
-1 -1 1 1 1 -1 -1 1 
1 1 1 1 1 -1 1 -1 
0 0 1 1 1 1 -1 -1 
-1 -1 1 1 1 1 1 1 
2,32,12,16,5,Optimal,319.569,params-10.txt,oas/oa-32-5-1
1 1 -1 -1 -1 -1 -1 
-1 1 -1 -1 -1 -1 1 
-1 -1 -1 -1 -1 1 -1 
1 -1 -1 -1 -1 1 1 
-1 -1 -1 -1 1 -1 -1 
1 0 -1 -1 1 -1 1 
0 1 -1 -1 1 1 -1 
0 0 -1 -1 1 1 1 
-1 0 -1 1 -1 -1 -1 
0 0 -1 1 -1 -1 1 
1 1 -1 1 -1 1 -1 
0 -1 -1 1 -1 1 1 
1 -1 -1 1 1 -1 -1 
0 0 -1 1 1 -1 1 
0 0 -1 1 1 1 -1 
-1 1 -1 1 1 1 1 
1 -1 1 -1 -1 -1 -1 
0 0 1 -1 -1 -1 1 
0 0 1 -1 -1 1 -1 
-1 1 1 -1 -1 1 1 
0 1 1 -1 1 -1 -1 
-1 -1 1 -1 1 -1 1 
0 0 1 -1 1 1 -1 
1 0 1 -1 1 1 1 
0 0 1 1 -1 -1 -1 
0 -1 1 1 -1 -1 1 
-1 0 1 1 -1 1 -1 
1 1 1 1 -1 1 1 
-1 1 1 1 1 -1 -1 
1 1 1 1 1 -1 1 
1 -1 1 1 1 1 -1 
-1 -1 1 1 1 1 1 
2,32,16,24,11,Optimal,1.75762,params-13.txt,oas/oa-32-11-1
-1 -1 -1 -1 -1 -1 -1 -1 -1 -1 -1 -1 -1 
0 1 -1 -1 -1 -1 -1 -1 -1 1 1 1 1 
1 1 -1 -1 -1 -1 1 1 1 -1 -1 -1 1 
0 -1 -1 -1 -1 -1 1 1 1 1 1 1 -1 
0 1 -1 -1 1 1 -1 -1 1 -1 1 1 -1 
1 -1 -1 -1 1 1 -1 -1 1 1 -1 -1 1 
0 -1 -1 -1 1 1 1 1 -1 -1 1 1 1 
-1 1 -1 -1 1 1 1 1 -1 1 -1 -1 -1 
1 0 -1 1 -1 1 -1 1 -1 -1 -1 1 -1 
-1 0 -1 1 -1 1 -1 1 1 -1 1 -1 1 
0 0 -1 1 -1 1 1 -1 -1 1 1 -1 1 
0 0 -1 1 -1 1 1 -1 1 1 -1 1 -1 
0 0 -1 1 1 -1 -1 1 -1 1 -1 1 1 
0 0 -1 1 1 -1 -1 1 1 1 1 -1 -1 
1 0 -1 1 1 -1 1 -1 -1 -1 1 -1 -1 
-1 0 -1 1 1 -1 1 -1 1 -1 -1 1 1 
1 0 1 -1 -1 1 -1 1 -1 1 1 -1 -1 
-1 0 1 -1 -1 1 -1 1 1 1 -1 1 1 
0 0 1 -1 -1 1 1 -1 -1 -1 -1 1 1 
0 0 1 -1 -1 1 1 -1 1 -1 1 -1 -1 
0 0 1 -1 1 -1 -1 1 -1 -1 1 -1 1 
0 0 1 -1 1 -1 -1 1 1 -1 -1 1 -1 
1 0 1 -1 1 -1 1 -1 -1 1 -1 1 -1 
-1 0 1 -1 1 -1 1 -1 1 1 1 -1 1 
1 -1 1 1 -1 -1 -1 -1 1 -1 1 1 1 
0 1 1 1 -1 -1 -1 -1 1 1 -1 -1 -1 
-1 1 1 1 -1 -1 1 1 -1 -1 1 1 -1 
0 -1 1 1 -1 -1 1 1 -1 1 -1 -1 1 
0 1 1 1 1 1 -1 -1 -1 -1 -1 -1 1 
-1 -1 1 1 1 1 -1 -1 -1 1 1 1 -1 
0 -1 1 1 1 1 1 1 1 -1 -1 -1 -1 
1 1 1 1 1 1 1 1 1 1 1 1 1 
2,32,16,24,11,Optimal,1.78822,params-13.txt,oas/oa-32-11-2
0 -1 -1 -1 -1 -1 -1 -1 -1 -1 -1 -1 -1 
0 0 -1 -1 -1 -1 -1 -1 -1 1 1 1 1 
1 0 -1 -1 -1 -1 1 1 1 -1 -1 1 1 
-1 1 -1 -1 -1 -1 1 1 1 1 1 -1 -1 
1 1 -1 -1 1 1 -1 -1 1 -1 1 -1 -1 
-1 0 -1 -1 1 1 -1 -1 1 1 -1 1 1 
0 0 -1 -1 1 1 1 1 -1 -1 1 1 1 
0 -1 -1 -1 1 1 1 1 -1 1 -1 -1 -1 
-1 1 -1 1 -1 1 -1 1 -1 -1 -1 -1 1 
0 -1 -1 1 -1 1 -1 1 1 -1 1 1 -1 
1 1 -1 1 -1 1 1 -1 -1 1 -1 1 -1 
0 -1 -1 1 -1 1 1 -1 1 1 1 -1 1 
0 0 -1 1 1 -1 -1 1 -1 1 1 1 -1 
1 0 -1 1 1 -1 -1 1 1 1 -1 -1 1 
0 0 -1 1 1 -1 1 -1 -1 -1 1 -1 1 
-1 0 -1 1 1 -1 1 -1 1 -1 -1 1 -1 
1 0 1 -1 -1 1 -1 1 -1 1 1 -1 1 
0 0 1 -1 -1 1 -1 1 1 1 -1 1 -1 
-1 0 1 -1 -1 1 1 -1 -1 -1 1 1 -1 
0 0 1 -1 -1 1 1 -1 1 -1 -1 -1 1 
0 1 1 -1 1 -1 -1 1 -1 -1 -1 1 -1 
-1 -1 1 -1 1 -1 -1 1 1 -1 1 -1 1 
0 1 1 -1 1 -1 1 -1 -1 1 -1 -1 1 
1 -1 1 -1 1 -1 1 -1 1 1 1 1 -1 
0 1 1 1 -1 -1 -1 -1 1 -1 1 1 1 
0 0 1 1 -1 -1 -1 -1 1 1 -1 -1 -1 
1 0 1 1 -1 -1 1 1 -1 -1 1 -1 -1 
-1 -1 1 1 -1 -1 1 1 -1 1 -1 1 1 
1 -1 1 1 1 1 -1 -1 -1 -1 -1 1 1 
-1 0 1 1 1 1 -1 -1 -1 1 1 -1 -1 
0 0 1 1 1 1 1 1 1 -1 -1 -1 -1 
0 1 1 1 1 1 1 1 1 1 1 1 1 
2,32,16,24,11,Optimal,4.0244,params-13.txt,oas/oa-32-11-10
-1 -1 -1 -1 -1 -1 -1 -1 -1 -1 -1 -1 -1 
0 1 -1 -1 -1 -1 -1 -1 -1 1 1 1 1 
1 1 -1 -1 -1 -1 1 1 1 -1 -1 -1 1 
0 -1 -1 -1 -1 -1 1 1 1 1 1 1 -1 
1 0 -1 -1 1 1 -1 -1 1 -1 1 1 -1 
0 0 -1 -1 1 1 -1 -1 1 1 -1 -1 1 
-1 0 -1 -1 1 1 1 1 -1 -1 1 1 1 
0 0 -1 -1 1 1 1 1 -1 1 -1 -1 -1 
0 1 -1 1 -1 1 -1 1 -1 -1 -1 1 -1 
0 -1 -1 1 -1 1 -1 1 1 -1 1 -1 1 
1 -1 -1 1 -1 1 1 -1 -1 1 -1 1 1 
-1 1 -1 1 -1 1 1 -1 1 1 1 -1 -1 
0 0 -1 1 1 -1 -1 1 -1 1 1 -1 1 
0 0 -1 1 1 -1 -1 1 1 1 -1 1 -1 
1 0 -1 1 1 -1 1 -1 -1 -1 1 -1 -1 
-1 0 -1 1 1 -1 1 -1 1 -1 -1 1 1 
1 0 1 -1 -1 1 -1 1 -1 1 1 -1 -1 
-1 0 1 -1 -1 1 -1 1 1 1 -1 1 1 
0 0 1 -1 -1 1 1 -1 -1 -1 1 -1 1 
0 0 1 -1 -1 1 1 -1 1 -1 -1 1 -1 
1 -1 1 -1 1 -1 -1 1 -1 -1 -1 1 1 
-1 1 1 -1 1 -1 -1 1 1 -1 1 -1 -1 
0 1 1 -1 1 -1 1 -1 -1 1 -1 1 -1 
0 -1 1 -1 1 -1 1 -1 1 1 1 -1 1 
0 0 1 1 -1 -1 -1 -1 1 -1 1 1 1 
1 0 1 1 -1 -1 -1 -1 1 1 -1 -1 -1 
0 0 1 1 -1 -1 1 1 -1 -1 1 1 -1 
-1 0 1 1 -1 -1 1 1 -1 1 -1 -1 1 
0 1 1 1 1 1 -1 -1 -1 -1 -1 -1 1 
-1 -1 1 1 1 1 -1 -1 -1 1 1 1 -1 
0 -1 1 1 1 1 1 1 1 -1 -1 -1 -1 
1 1 1 1 1 1 1 1 1 1 1 1 1 
2,32,16,24,11,Optimal,1.43065,params-13.txt,oas/oa-32-11-3
1 1 -1 -1 -1 -1 -1 -1 -1 -1 -1 -1 -1 
0 -1 -1 -1 -1 -1 -1 -1 1 1 1 1 1 
-1 0 -1 -1 -1 -1 1 1 -1 -1 -1 1 1 
0 0 -1 -1 -1 -1 1 1 1 1 1 -1 -1 
-1 0 -1 -1 1 1 -1 -1 -1 -1 1 -1 1 
0 0 -1 -1 1 1 -1 -1 1 1 -1 1 -1 
1 -1 -1 -1 1 1 1 1 -1 1 -1 -1 1 
0 1 -1 -1 1 1 1 1 1 -1 1 1 -1 
1 -1 -1 1 -1 1 -1 1 -1 -1 1 1 -1 
0 1 -1 1 -1 1 -1 1 1 1 -1 -1 1 
0 1 -1 1 -1 1 1 -1 -1 1 1 1 1 
-1 -1 -1 1 -1 1 1 -1 1 -1 -1 -1 -1 
-1 0 -1 1 1 -1 -1 1 -1 1 -1 1 -1 
0 0 -1 1 1 -1 -1 1 1 -1 1 -1 1 
0 0 -1 1 1 -1 1 -1 -1 1 1 -1 -1 
1 0 -1 1 1 -1 1 -1 1 -1 -1 1 1 
-1 0 1 -1 -1 1 -1 1 -1 1 1 -1 -1 
0 0 1 -1 -1 1 -1 1 1 -1 -1 1 1 
0 0 1 -1 -1 1 1 -1 -1 1 -1 1 -1 
1 0 1 -1 -1 1 1 -1 1 -1 1 -1 1 
1 1 1 -1 1 -1 -1 1 -1 1 1 1 1 
0 -1 1 -1 1 -1 -1 1 1 -1 -1 -1 -1 
0 -1 1 -1 1 -1 1 -1 -1 -1 1 1 -1 
-1 1 1 -1 1 -1 1 -1 1 1 -1 -1 1 
0 -1 1 1 -1 -1 -1 -1 -1 1 -1 -1 1 
-1 1 1 1 -1 -1 -1 -1 1 -1 1 1 -1 
0 0 1 1 -1 -1 1 1 -1 -1 1 -1 1 
1 0 1 1 -1 -1 1 1 1 1 -1 1 -1 
0 0 1 1 1 1 -1 -1 -1 -1 -1 1 1 
1 0 1 1 1 1 -1 -1 1 1 1 -1 -1 
0 1 1 1 1 1 1 1 -1 -1 -1 -1 -1 
-1 -1 1 1 1 1 1 1 1 1 1 1 1 
2,32,16,24,11,Optimal,1.83288,params-13.txt,oas/oa-32-11-4
1 -1 -1 -1 -1 -1 -1 -1 -1 -1 -1 -1 -1 
0 1 -1 -1 -1 -1 -1 -1 -1 1 1 1 1 
-1 0 -1 -1 -1 -1 1 1 1 -1 -1 -1 1 
0 0 -1 -1 -1 -1 1 1 1 1 1 1 -1 
-1 1 -1 -1 1 1 -1 -1 1 -1 -1 1 -1 
0 -1 -1 -1 1 1 -1 -1 1 1 1 -1 1 
0 0 -1 -1 1 1 1 1 -1 -1 1 -1 1 
1 0 -1 -1 1 1 1 1 -1 1 -1 1 -1 
0 0 -1 1 -1 1 -1 1 -1 -1 -1 1 1 
-1 0 -1 1 -1 1 -1 1 -1 1 1 -1 -1 
1 0 -1 1 -1 1 1 -1 1 -1 1 1 1 
0 0 -1 1 -1 1 1 -1 1 1 -1 -1 -1 
1 1 -1 1 1 -1 -1 1 1 -1 1 -1 -1 
0 -1 -1 1 1 -1 -1 1 1 1 -1 1 1 
-1 -1 -1 1 1 -1 1 -1 -1 -1 1 1 -1 
0 1 -1 1 1 -1 1 -1 -1 1 -1 -1 1 
0 -1 1 -1 -1 1 -1 1 1 -1 1 1 -1 
1 1 1 -1 -1 1 -1 1 1 1 -1 -1 1 
0 1 1 -1 -1 1 1 -1 -1 -1 1 -1 -1 
-1 -1 1 -1 -1 1 1 -1 -1 1 -1 1 1 
0 0 1 -1 1 -1 -1 1 -1 -1 1 1 1 
-1 0 1 -1 1 -1 -1 1 -1 1 -1 -1 -1 
1 0 1 -1 1 -1 1 -1 1 -1 -1 1 1 
0 0 1 -1 1 -1 1 -1 1 1 1 -1 -1 
-1 0 1 1 -1 -1 -1 -1 1 -1 1 -1 1 
0 0 1 1 -1 -1 -1 -1 1 1 -1 1 -1 
0 1 1 1 -1 -1 1 1 -1 -1 -1 1 -1 
1 -1 1 1 -1 -1 1 1 -1 1 1 -1 1 
0 0 1 1 1 1 -1 -1 -1 -1 -1 -1 1 
1 0 1 1 1 1 -1 -1 -1 1 1 1 -1 
0 -1 1 1 1 1 1 1 1 -1 -1 -1 -1 
-1 1 1 1 1 1 1 1 1 1 1 1 1 
2,32,16,24,11,Optimal,1.83883,params-13.txt,oas/oa-32-11-5
-1 -1 -1 -1 -1 -1 -1 -1 -1 -1 -1 -1 -1 
1 0 -1 -1 -1 -1 -1 -1 -1 1 1 1 1 
1 1 -1 -1 -1 -1 1 1 1 -1 -1 -1 1 
-1 0 -1 -1 -1 -1 1 1 1 1 1 1 -1 
1 0 -1 -1 1 1 -1 -1 1 -1 -1 1 -1 
-1 1 -1 -1 1 1 -1 -1 1 1 1 -1 1 
0 0 -1 -1 1 1 1 1 -1 -1 1 -1 -1 
0 -1 -1 -1 1 1 1 1 -1 1 -1 1 1 
-1 1 -1 1 -1 1 -1 1 -1 -1 -1 1 1 
1 0 -1 1 -1 1 -1 1 -1 1 1 -1 -1 
0 -1 -1 1 -1 1 1 -1 1 -1 1 1 1 
0 0 -1 1 -1 1 1 -1 1 1 -1 -1 -1 
0 -1 -1 1 1 -1 -1 1 1 -1 1 -1 1 
0 0 -1 1 1 -1 -1 1 1 1 -1 1 -1 
0 1 -1 1 1 -1 1 -1 -1 -1 1 1 -1 
0 0 -1 1 1 -1 1 -1 -1 1 -1 -1 1 
0 0 1 -1 -1 1 -1 1 1 -1 1 1 -1 
0 -1 1 -1 -1 1 -1 1 1 1 -1 -1 1 
0 0 1 -1 -1 1 1 -1 -1 -1 1 -1 1 
0 1 1 -1 -1 1 1 -1 -1 1 -1 1 -1 
0 0 1 -1 1 -1 -1 1 -1 -1 1 1 1 
0 1 1 -1 1 -1 -1 1 -1 1 -1 -1 -1 
-1 0 1 -1 1 -1 1 -1 1 -1 -1 1 1 
1 -1 1 -1 1 -1 1 -1 1 1 1 -1 -1 
0 1 1 1 -1 -1 -1 -1 1 -1 1 -1 -1 
0 0 1 1 -1 -1 -1 -1 1 1 -1 1 1 
1 -1 1 1 -1 -1 1 1 -1 -1 -1 1 -1 
-1 0 1 1 -1 -1 1 1 -1 1 1 -1 1 
1 0 1 1 1 1 -1 -1 -1 -1 -1 -1 1 
-1 -1 1 1 1 1 -1 -1 -1 1 1 1 -1 
-1 0 1 1 1 1 1 1 1 -1 -1 -1 -1 
1 1 1 1 1 1 1 1 1 1 1 1 1 
2,32,16,24,11,Optimal,2.42678,params-13.txt,oas/oa-32-11-8
1 1 -1 -1 -1 -1 -1 -1 -1 -1 -1 -1 -1 
-1 0 -1 -1 -1 -1 -1 -1 -1 1 1 1 1 
0 -1 -1 -1 -1 -1 1 1 1 -1 -1 -1 1 
0 0 -1 -1 -1 -1 1 1 1 1 1 1 -1 
0 -1 -1 -1 1 1 -1 -1 1 -1 -1 1 -1 
0 0 -1 -1 1 1 -1 -1 1 1 1 -1 1 
-1 1 -1 -1 1 1 1 1 -1 -1 -1 1 1 
1 0 -1 -1 1 1 1 1 -1 1 1 -1 -1 
-1 -1 -1 1 -1 1 -1 1 -1 -1 1 -1 -1 
1 0 -1 1 -1 1 -1 1 -1 1 -1 1 1 
0 1 -1 1 -1 1 1 -1 1 -1 1 1 -1 
0 0 -1 1 -1 1 1 -1 1 1 -1 -1 1 
0 1 -1 1 1 -1 -1 1 1 -1 1 -1 1 
0 0 -1 1 1 -1 -1 1 1 1 -1 1 -1 
1 -1 -1 1 1 -1 1 -1 -1 -1 1 1 1 
-1 0 -1 1 1 -1 1 -1 -1 1 -1 -1 -1 
1 0 1 -1 -1 1 -1 1 1 -1 1 1 1 
-1 1 1 -1 -1 1 -1 1 1 1 -1 -1 -1 
0 0 1 -1 -1 1 1 -1 -1 -1 1 -1 1 
0 -1 1 -1 -1 1 1 -1 -1 1 -1 1 -1 
0 0 1 -1 1 -1 -1 1 -1 -1 1 1 -1 
0 -1 1 -1 1 -1 -1 1 -1 1 -1 -1 1 
-1 0 1 -1 1 -1 1 -1 1 -1 1 -1 -1 
1 1 1 -1 1 -1 1 -1 1 1 -1 1 1 
-1 0 1 1 -1 -1 -1 -1 1 -1 -1 1 1 
1 -1 1 1 -1 -1 -1 -1 1 1 1 -1 -1 
0 0 1 1 -1 -1 1 1 -1 -1 -1 1 -1 
0 1 1 1 -1 -1 1 1 -1 1 1 -1 1 
0 0 1 1 1 1 -1 -1 -1 -1 -1 -1 1 
0 1 1 1 1 1 -1 -1 -1 1 1 1 -1 
1 0 1 1 1 1 1 1 1 -1 -1 -1 -1 
-1 -1 1 1 1 1 1 1 1 1 1 1 1 
2,32,16,24,11,Optimal,1.53316,params-13.txt,oas/oa-32-11-9
1 -1 -1 -1 -1 -1 -1 -1 -1 -1 -1 -1 -1 
-1 0 -1 -1 -1 -1 -1 -1 -1 1 1 1 1 
0 1 -1 -1 -1 -1 1 1 1 -1 -1 -1 1 
0 0 -1 -1 -1 -1 1 1 1 1 1 1 -1 
-1 0 -1 -1 1 1 -1 -1 1 -1 -1 1 -1 
1 1 -1 -1 1 1 -1 -1 1 1 1 -1 1 
0 0 -1 -1 1 1 1 1 -1 -1 -1 1 1 
0 -1 -1 -1 1 1 1 1 -1 1 1 -1 -1 
0 1 -1 1 -1 1 -1 1 -1 -1 1 -1 -1 
0 0 -1 1 -1 1 -1 1 -1 1 -1 1 1 
-1 -1 -1 1 -1 1 1 -1 1 -1 1 -1 1 
1 0 -1 1 -1 1 1 -1 1 1 -1 1 -1 
1 -1 -1 1 1 -1 -1 1 1 -1 1 1 1 
-1 0 -1 1 1 -1 -1 1 1 1 -1 -1 -1 
0 1 -1 1 1 -1 1 -1 -1 -1 1 1 -1 
0 0 -1 1 1 -1 1 -1 -1 1 -1 -1 1 
0 0 1 -1 -1 1 -1 1 1 -1 1 1 -1 
0 -1 1 -1 -1 1 -1 1 1 1 -1 -1 1 
1 0 1 -1 -1 1 1 -1 -1 -1 1 1 1 
-1 1 1 -1 -1 1 1 -1 -1 1 -1 -1 -1 
-1 0 1 -1 1 -1 -1 1 -1 -1 1 -1 1 
1 1 1 -1 1 -1 -1 1 -1 1 -1 1 -1 
0 0 1 -1 1 -1 1 -1 1 -1 1 -1 -1 
0 -1 1 -1 1 -1 1 -1 1 1 -1 1 1 
0 1 1 1 -1 -1 -1 -1 1 -1 -1 1 1 
0 0 1 1 -1 -1 -1 -1 1 1 1 -1 -1 
-1 -1 1 1 -1 -1 1 1 -1 -1 -1 1 -1 
1 0 1 1 -1 -1 1 1 -1 1 1 -1 1 
0 0 1 1 1 1 -1 -1 -1 -1 -1 -1 1 
0 -1 1 1 1 1 -1 -1 -1 1 1 1 -1 
1 0 1 1 1 1 1 1 1 -1 -1 -1 -1 
-1 1 1 1 1 1 1 1 1 1 1 1 1 
2,32,16,24,11,Optimal,1.70823,params-13.txt,oas/oa-32-11-7
0 0 -1 -1 -1 -1 -1 -1 -1 -1 -1 -1 -1 
0 -1 -1 -1 -1 -1 -1 -1 -1 1 1 1 1 
-1 0 -1 -1 -1 -1 1 1 1 -1 -1 -1 1 
1 1 -1 -1 -1 -1 1 1 1 1 1 1 -1 
0 1 -1 -1 1 1 -1 -1 1 -1 -1 1 -1 
0 0 -1 -1 1 1 -1 -1 1 1 1 -1 1 
1 -1 -1 -1 1 1 1 1 -1 -1 -1 1 1 
-1 0 -1 -1 1 1 1 1 -1 1 1 -1 -1 
0 0 -1 1 -1 1 -1 1 -1 -1 1 -1 -1 
0 1 -1 1 -1 1 -1 1 -1 1 -1 1 1 
-1 0 -1 1 -1 1 1 -1 1 -1 1 1 1 
1 -1 -1 1 -1 1 1 -1 1 1 -1 -1 -1 
1 0 -1 1 1 -1 -1 1 1 -1 1 -1 1 
-1 -1 -1 1 1 -1 -1 1 1 1 -1 1 -1 
0 0 -1 1 1 -1 1 -1 -1 -1 1 1 -1 
0 1 -1 1 1 -1 1 -1 -1 1 -1 -1 1 
0 -1 1 -1 -1 1 -1 1 1 -1 1 1 -1 
0 0 1 -1 -1 1 -1 1 1 1 -1 -1 1 
1 1 1 -1 -1 1 1 -1 -1 -1 1 -1 1 
-1 0 1 -1 -1 1 1 -1 -1 1 -1 1 -1 
-1 1 1 -1 1 -1 -1 1 -1 -1 1 1 1 
1 0 1 -1 1 -1 -1 1 -1 1 -1 -1 -1 
0 -1 1 -1 1 -1 1 -1 1 -1 1 -1 -1 
0 0 1 -1 1 -1 1 -1 1 1 -1 1 1 
1 0 1 1 -1 -1 -1 -1 1 -1 -1 1 1 
-1 1 1 1 -1 -1 -1 -1 1 1 1 -1 -1 
0 0 1 1 -1 -1 1 1 -1 -1 -1 1 -1 
0 -1 1 1 -1 -1 1 1 -1 1 1 -1 1 
-1 -1 1 1 1 1 -1 -1 -1 -1 -1 -1 1 
1 0 1 1 1 1 -1 -1 -1 1 1 1 -1 
0 1 1 1 1 1 1 1 1 -1 -1 -1 -1 
0 0 1 1 1 1 1 1 1 1 1 1 1 
2,32,16,24,12,Optimal,1.26805,params-13.txt,oas/oa-32-12-1
-1 -1 -1 -1 -1 -1 -1 -1 -1 -1 -1 -1 -1 -1 
1 0 -1 -1 -1 -1 -1 -1 -1 1 1 1 1 1 
1 0 -1 -1 -1 -1 1 1 1 -1 -1 -1 1 1 
-1 1 -1 -1 -1 -1 1 1 1 1 1 1 -1 -1 
0 0 -1 -1 1 1 -1 -1 1 -1 1 1 -1 1 
0 1 -1 -1 1 1 -1 -1 1 1 -1 -1 1 -1 
0 -1 -1 -1 1 1 1 1 -1 -1 1 1 1 -1 
0 0 -1 -1 1 1 1 1 -1 1 -1 -1 -1 1 
1 1 -1 1 -1 1 -1 1 -1 -1 -1 1 -1 -1 
-1 0 -1 1 -1 1 -1 1 1 -1 1 -1 1 1 
0 0 -1 1 -1 1 1 -1 -1 1 1 -1 1 -1 
0 -1 -1 1 -1 1 1 -1 1 1 -1 1 -1 1 
-1 0 -1 1 1 -1 -1 1 -1 1 -1 1 1 1 
1 -1 -1 1 1 -1 -1 1 1 1 1 -1 -1 -1 
0 1 -1 1 1 -1 1 -1 -1 -1 1 -1 -1 1 
0 0 -1 1 1 -1 1 -1 1 -1 -1 1 1 -1 
0 0 1 -1 -1 1 -1 1 -1 1 1 -1 -1 1 
0 -1 1 -1 -1 1 -1 1 1 1 -1 1 1 -1 
-1 1 1 -1 -1 1 1 -1 -1 -1 -1 1 1 1 
1 0 1 -1 -1 1 1 -1 1 -1 1 -1 -1 -1 
0 1 1 -1 1 -1 -1 1 -1 -1 1 -1 1 -1 
0 0 1 -1 1 -1 -1 1 1 -1 -1 1 -1 1 
1 0 1 -1 1 -1 1 -1 -1 1 -1 1 -1 -1 
-1 -1 1 -1 1 -1 1 -1 1 1 1 -1 1 1 
0 0 1 1 -1 -1 -1 -1 1 -1 1 1 1 -1 
0 1 1 1 -1 -1 -1 -1 1 1 -1 -1 -1 1 
0 -1 1 1 -1 -1 1 1 -1 -1 1 1 -1 1 
0 0 1 1 -1 -1 1 1 -1 1 -1 -1 1 -1 
1 -1 1 1 1 1 -1 -1 -1 -1 -1 -1 1 1 
-1 0 1 1 1 1 -1 -1 -1 1 1 1 -1 -1 
-1 0 1 1 1 1 1 1 1 -1 -1 -1 -1 -1 
1 1 1 1 1 1 1 1 1 1 1 1 1 1 
2,32,12,20,4,Optimal,288.604,params-11.txt,oas/oa-32-4-1
1 1 -1 -1 -1 -1 
0 0 -1 -1 -1 -1 
-1 -1 -1 -1 -1 1 
1 0 -1 -1 -1 1 
0 -1 -1 -1 1 -1 
-1 1 -1 -1 1 -1 
0 0 -1 -1 1 1 
1 -1 -1 -1 1 1 
-1 -1 -1 1 -1 -1 
1 0 -1 1 -1 -1 
0 1 -1 1 -1 1 
0 -1 -1 1 -1 1 
1 0 -1 1 1 -1 
0 -1 -1 1 1 -1 
1 0 -1 1 1 1 
-1 1 -1 1 1 1 
1 -1 1 -1 -1 -1 
0 -1 1 -1 -1 -1 
0 1 1 -1 -1 1 
-1 0 1 -1 -1 1 
-1 0 1 -1 1 -1 
1 0 1 -1 1 -1 
0 -1 1 -1 1 1 
1 1 1 -1 1 1 
-1 1 1 1 -1 -1 
0 0 1 1 -1 -1 
1 0 1 1 -1 1 
1 -1 1 1 -1 1 
1 1 1 1 1 -1 
0 -1 1 1 1 -1 
0 0 1 1 1 1 
-1 -1 1 1 1 1 
2,32,16,24,12,Optimal,1.71447,params-13.txt,oas/oa-32-12-12
-1 -1 -1 -1 -1 -1 -1 -1 -1 -1 -1 -1 -1 -1 
1 1 -1 -1 -1 -1 -1 -1 -1 -1 1 1 1 1 
0 1 -1 -1 -1 -1 1 1 1 1 -1 -1 -1 1 
0 -1 -1 -1 -1 -1 1 1 1 1 1 1 1 -1 
1 0 -1 -1 1 1 -1 -1 1 1 -1 -1 1 -1 
-1 0 -1 -1 1 1 -1 -1 1 1 1 1 -1 1 
0 0 -1 -1 1 1 1 1 -1 -1 -1 -1 1 1 
0 0 -1 -1 1 1 1 1 -1 -1 1 1 -1 -1 
0 1 -1 1 -1 1 -1 1 -1 1 -1 1 -1 -1 
0 -1 -1 1 -1 1 -1 1 -1 1 1 -1 1 1 
-1 0 -1 1 -1 1 1 -1 1 -1 -1 1 1 1 
1 0 -1 1 -1 1 1 -1 1 -1 1 -1 -1 -1 
1 -1 -1 1 1 -1 -1 1 1 -1 -1 1 -1 1 
-1 1 -1 1 1 -1 -1 1 1 -1 1 -1 1 -1 
0 0 -1 1 1 -1 1 -1 -1 1 -1 1 1 -1 
0 0 -1 1 1 -1 1 -1 -1 1 1 -1 -1 1 
0 0 1 -1 -1 1 -1 1 1 -1 -1 1 1 -1 
0 0 1 -1 -1 1 -1 1 1 -1 1 -1 -1 1 
1 -1 1 -1 -1 1 1 -1 -1 1 -1 1 -1 1 
-1 1 1 -1 -1 1 1 -1 -1 1 1 -1 1 -1 
-1 0 1 -1 1 -1 -1 1 -1 1 -1 1 1 1 
1 0 1 -1 1 -1 -1 1 -1 1 1 -1 -1 -1 
0 1 1 -1 1 -1 1 -1 1 -1 -1 1 -1 -1 
0 -1 1 -1 1 -1 1 -1 1 -1 1 -1 1 1 
0 0 1 1 -1 -1 -1 -1 1 1 -1 -1 1 1 
0 0 1 1 -1 -1 -1 -1 1 1 1 1 -1 -1 
1 0 1 1 -1 -1 1 1 -1 -1 -1 -1 1 -1 
-1 0 1 1 -1 -1 1 1 -1 -1 1 1 -1 1 
0 1 1 1 1 1 -1 -1 -1 -1 -1 -1 -1 1 
0 -1 1 1 1 1 -1 -1 -1 -1 1 1 1 -1 
-1 -1 1 1 1 1 1 1 1 1 -1 -1 -1 -1 
1 1 1 1 1 1 1 1 1 1 1 1 1 1 
2,32,16,24,12,Optimal,2.03941,params-13.txt,oas/oa-32-12-11
-1 -1 -1 -1 -1 -1 -1 -1 -1 -1 -1 -1 -1 -1 
1 1 -1 -1 -1 -1 -1 -1 -1 -1 1 1 1 1 
1 0 -1 -1 -1 -1 1 1 1 1 -1 -1 -1 1 
-1 0 -1 -1 -1 -1 1 1 1 1 1 1 1 -1 
0 1 -1 -1 1 1 -1 -1 1 1 -1 -1 1 -1 
0 -1 -1 -1 1 1 -1 -1 1 1 1 1 -1 1 
0 1 -1 -1 1 1 1 1 -1 -1 -1 1 -1 -1 
0 -1 -1 -1 1 1 1 1 -1 -1 1 -1 1 1 
0 0 -1 1 -1 1 -1 1 -1 1 -1 -1 1 1 
0 0 -1 1 -1 1 -1 1 -1 1 1 1 -1 -1 
-1 0 -1 1 -1 1 1 -1 1 -1 -1 1 1 1 
1 0 -1 1 -1 1 1 -1 1 -1 1 -1 -1 -1 
0 0 -1 1 1 -1 -1 1 1 -1 -1 1 -1 1 
0 0 -1 1 1 -1 -1 1 1 -1 1 -1 1 -1 
1 -1 -1 1 1 -1 1 -1 -1 1 -1 1 1 -1 
-1 1 -1 1 1 -1 1 -1 -1 1 1 -1 -1 1 
1 -1 1 -1 -1 1 -1 1 1 -1 -1 1 1 -1 
-1 1 1 -1 -1 1 -1 1 1 -1 1 -1 -1 1 
0 0 1 -1 -1 1 1 -1 -1 1 -1 1 -1 1 
0 0 1 -1 -1 1 1 -1 -1 1 1 -1 1 -1 
-1 0 1 -1 1 -1 -1 1 -1 1 -1 1 1 1 
1 0 1 -1 1 -1 -1 1 -1 1 1 -1 -1 -1 
0 0 1 -1 1 -1 1 -1 1 -1 -1 -1 1 1 
0 0 1 -1 1 -1 1 -1 1 -1 1 1 -1 -1 
0 1 1 1 -1 -1 -1 -1 1 1 -1 1 -1 -1 
0 -1 1 1 -1 -1 -1 -1 1 1 1 -1 1 1 
0 1 1 1 -1 -1 1 1 -1 -1 -1 -1 1 -1 
0 -1 1 1 -1 -1 1 1 -1 -1 1 1 -1 1 
1 0 1 1 1 1 -1 -1 -1 -1 -1 -1 -1 1 
-1 0 1 1 1 1 -1 -1 -1 -1 1 1 1 -1 
-1 -1 1 1 1 1 1 1 1 1 -1 -1 -1 -1 
1 1 1 1 1 1 1 1 1 1 1 1 1 1 
2,32,16,24,12,Optimal,1.45449,params-13.txt,oas/oa-32-12-10
-1 -1 -1 -1 -1 -1 -1 -1 -1 -1 -1 -1 -1 -1 
1 1 -1 -1 -1 -1 -1 -1 -1 -1 1 1 1 1 
1 0 -1 -1 -1 -1 1 1 1 1 -1 -1 -1 1 
-1 0 -1 -1 -1 -1 1 1 1 1 1 1 1 -1 
0 1 -1 -1 1 1 -1 -1 1 1 -1 -1 1 -1 
0 -1 -1 -1 1 1 -1 -1 1 1 1 1 -1 1 
-1 1 -1 -1 1 1 1 1 -1 -1 -1 1 -1 1 
1 -1 -1 -1 1 1 1 1 -1 -1 1 -1 1 -1 
0 0 -1 1 -1 1 -1 1 -1 1 -1 -1 1 1 
0 0 -1 1 -1 1 -1 1 -1 1 1 1 -1 -1 
0 -1 -1 1 -1 1 1 -1 1 -1 -1 1 1 1 
0 1 -1 1 -1 1 1 -1 1 -1 1 -1 -1 -1 
1 0 -1 1 1 -1 -1 1 1 -1 -1 1 -1 -1 
-1 0 -1 1 1 -1 -1 1 1 -1 1 -1 1 1 
0 0 -1 1 1 -1 1 -1 -1 1 -1 1 1 -1 
0 0 -1 1 1 -1 1 -1 -1 1 1 -1 -1 1 
0 0 1 -1 -1 1 -1 1 1 -1 -1 1 1 -1 
0 0 1 -1 -1 1 -1 1 1 -1 1 -1 -1 1 
1 0 1 -1 -1 1 1 -1 -1 1 -1 1 -1 -1 
-1 0 1 -1 -1 1 1 -1 -1 1 1 -1 1 1 
0 -1 1 -1 1 -1 -1 1 -1 1 -1 1 1 1 
0 1 1 -1 1 -1 -1 1 -1 1 1 -1 -1 -1 
0 0 1 -1 1 -1 1 -1 1 -1 -1 -1 1 1 
0 0 1 -1 1 -1 1 -1 1 -1 1 1 -1 -1 
-1 1 1 1 -1 -1 -1 -1 1 1 -1 1 -1 1 
1 -1 1 1 -1 -1 -1 -1 1 1 1 -1 1 -1 
0 1 1 1 -1 -1 1 1 -1 -1 -1 -1 1 -1 
0 -1 1 1 -1 -1 1 1 -1 -1 1 1 -1 1 
1 0 1 1 1 1 -1 -1 -1 -1 -1 -1 -1 1 
-1 0 1 1 1 1 -1 -1 -1 -1 1 1 1 -1 
-1 -1 1 1 1 1 1 1 1 1 -1 -1 -1 -1 
1 1 1 1 1 1 1 1 1 1 1 1 1 1 
2,32,16,24,12,Optimal,1.02568,params-13.txt,oas/oa-32-12-13
-1 0 -1 -1 -1 -1 -1 -1 -1 -1 -1 -1 -1 -1 
1 0 -1 -1 -1 -1 -1 -1 -1 -1 1 1 1 1 
0 0 -1 -1 -1 -1 1 1 1 1 -1 -1 -1 1 
0 0 -1 -1 -1 -1 1 1 1 1 1 1 1 -1 
0 0 -1 -1 1 1 -1 -1 1 1 -1 -1 1 -1 
0 0 -1 -1 1 1 -1 -1 1 1 1 1 -1 1 
1 0 -1 -1 1 1 1 1 -1 -1 -1 -1 1 1 
-1 0 -1 -1 1 1 1 1 -1 -1 1 1 -1 -1 
1 1 -1 1 -1 1 -1 1 -1 1 -1 1 -1 -1 
-1 -1 -1 1 -1 1 -1 1 -1 1 1 -1 1 1 
0 -1 -1 1 -1 1 1 -1 1 -1 -1 1 1 -1 
0 1 -1 1 -1 1 1 -1 1 -1 1 -1 -1 1 
0 -1 -1 1 1 -1 -1 1 1 -1 -1 1 -1 1 
0 1 -1 1 1 -1 -1 1 1 -1 1 -1 1 -1 
-1 1 -1 1 1 -1 1 -1 -1 1 -1 1 1 1 
1 -1 -1 1 1 -1 1 -1 -1 1 1 -1 -1 -1 
-1 1 1 -1 -1 1 -1 1 1 -1 -1 1 1 1 
1 -1 1 -1 -1 1 -1 1 1 -1 1 -1 -1 -1 
0 -1 1 -1 -1 1 1 -1 -1 1 -1 1 -1 1 
0 1 1 -1 -1 1 1 -1 -1 1 1 -1 1 -1 
0 -1 1 -1 1 -1 -1 1 -1 1 -1 1 1 -1 
0 1 1 -1 1 -1 -1 1 -1 1 1 -1 -1 1 
1 1 1 -1 1 -1 1 -1 1 -1 -1 1 -1 -1 
-1 -1 1 -1 1 -1 1 -1 1 -1 1 -1 1 1 
1 0 1 1 -1 -1 -1 -1 1 1 -1 -1 1 1 
-1 0 1 1 -1 -1 -1 -1 1 1 1 1 -1 -1 
0 0 1 1 -1 -1 1 1 -1 -1 -1 -1 1 -1 
0 0 1 1 -1 -1 1 1 -1 -1 1 1 -1 1 
0 0 1 1 1 1 -1 -1 -1 -1 -1 -1 -1 1 
0 0 1 1 1 1 -1 -1 -1 -1 1 1 1 -1 
-1 0 1 1 1 1 1 1 1 1 -1 -1 -1 -1 
1 0 1 1 1 1 1 1 1 1 1 1 1 1 
2,32,16,24,12,Optimal,1.90235,params-13.txt,oas/oa-32-12-15
-1 -1 -1 -1 -1 -1 -1 -1 -1 -1 -1 -1 -1 -1 
1 0 -1 -1 -1 -1 -1 -1 -1 1 1 1 1 1 
0 1 -1 -1 -1 -1 1 1 1 -1 -1 -1 1 1 
0 0 -1 -1 -1 -1 1 1 1 1 1 1 -1 -1 
1 0 -1 -1 1 1 -1 -1 1 -1 -1 1 -1 1 
-1 1 -1 -1 1 1 -1 -1 1 1 1 -1 1 -1 
0 0 -1 -1 1 1 1 1 -1 -1 -1 1 1 -1 
0 -1 -1 -1 1 1 1 1 -1 1 1 -1 -1 1 
1 1 -1 1 -1 1 -1 1 -1 -1 1 -1 -1 -1 
-1 0 -1 1 -1 1 -1 1 -1 1 -1 1 1 1 
0 -1 -1 1 -1 1 1 -1 1 -1 1 1 1 -1 
0 0 -1 1 -1 1 1 -1 1 1 -1 -1 -1 1 
0 -1 -1 1 1 -1 -1 1 1 -1 1 -1 1 1 
0 0 -1 1 1 -1 -1 1 1 1 -1 1 -1 -1 
-1 1 -1 1 1 -1 1 -1 -1 -1 1 1 -1 1 
1 0 -1 1 1 -1 1 -1 -1 1 -1 -1 1 -1 
-1 0 1 -1 -1 1 -1 1 1 -1 1 1 -1 1 
1 -1 1 -1 -1 1 -1 1 1 1 -1 -1 1 -1 
0 0 1 -1 -1 1 1 -1 -1 -1 1 -1 1 1 
0 1 1 -1 -1 1 1 -1 -1 1 -1 1 -1 -1 
0 0 1 -1 1 -1 -1 1 -1 -1 1 1 1 -1 
0 1 1 -1 1 -1 -1 1 -1 1 -1 -1 -1 1 
1 0 1 -1 1 -1 1 -1 1 -1 1 -1 -1 -1 
-1 -1 1 -1 1 -1 1 -1 1 1 -1 1 1 1 
0 1 1 1 -1 -1 -1 -1 1 -1 -1 1 1 -1 
0 0 1 1 -1 -1 -1 -1 1 1 1 -1 -1 1 
1 -1 1 1 -1 -1 1 1 -1 -1 -1 1 -1 1 
-1 0 1 1 -1 -1 1 1 -1 1 1 -1 1 -1 
0 0 1 1 1 1 -1 -1 -1 -1 -1 -1 1 1 
0 -1 1 1 1 1 -1 -1 -1 1 1 1 -1 -1 
-1 0 1 1 1 1 1 1 1 -1 -1 -1 -1 -1 
1 1 1 1 1 1 1 1 1 1 1 1 1 1 
2,32,16,24,12,Optimal,1.64188,params-13.txt,oas/oa-32-12-2
1 -1 -1 -1 -1 -1 -1 -1 -1 -1 -1 -1 -1 -1 
-1 0 -1 -1 -1 -1 -1 -1 -1 1 1 1 1 1 
-1 0 -1 -1 -1 -1 1 1 1 -1 -1 -1 1 1 
1 1 -1 -1 -1 -1 1 1 1 1 1 1 -1 -1 
0 0 -1 -1 1 1 -1 -1 1 -1 1 1 -1 1 
0 1 -1 -1 1 1 -1 -1 1 1 -1 -1 1 -1 
0 -1 -1 -1 1 1 1 1 -1 -1 1 1 1 -1 
0 0 -1 -1 1 1 1 1 -1 1 -1 -1 -1 1 
-1 1 -1 1 -1 1 -1 1 -1 -1 -1 1 -1 -1 
1 0 -1 1 -1 1 -1 1 1 -1 1 -1 1 1 
1 0 -1 1 -1 1 1 -1 -1 1 -1 1 1 1 
-1 -1 -1 1 -1 1 1 -1 1 1 1 -1 -1 -1 
0 0 -1 1 1 -1 -1 1 -1 1 1 -1 1 -1 
0 -1 -1 1 1 -1 -1 1 1 1 -1 1 -1 1 
0 1 -1 1 1 -1 1 -1 -1 -1 1 -1 -1 1 
0 0 -1 1 1 -1 1 -1 1 -1 -1 1 1 -1 
0 0 1 -1 -1 1 -1 1 -1 1 1 -1 -1 1 
0 -1 1 -1 -1 1 -1 1 1 1 -1 1 1 -1 
0 1 1 -1 -1 1 1 -1 -1 -1 1 -1 1 -1 
0 0 1 -1 -1 1 1 -1 1 -1 -1 1 -1 1 
1 1 1 -1 1 -1 -1 1 -1 -1 -1 1 1 1 
-1 0 1 -1 1 -1 -1 1 1 -1 1 -1 -1 -1 
-1 0 1 -1 1 -1 1 -1 -1 1 -1 1 -1 -1 
1 -1 1 -1 1 -1 1 -1 1 1 1 -1 1 1 
0 0 1 1 -1 -1 -1 -1 1 -1 1 1 1 -1 
0 1 1 1 -1 -1 -1 -1 1 1 -1 -1 -1 1 
0 -1 1 1 -1 -1 1 1 -1 -1 1 1 -1 1 
0 0 1 1 -1 -1 1 1 -1 1 -1 -1 1 -1 
-1 -1 1 1 1 1 -1 -1 -1 -1 -1 -1 1 1 
1 0 1 1 1 1 -1 -1 -1 1 1 1 -1 -1 
1 0 1 1 1 1 1 1 1 -1 -1 -1 -1 -1 
-1 1 1 1 1 1 1 1 1 1 1 1 1 1 
2,32,16,24,12,Optimal,2.21404,params-13.txt,oas/oa-32-12-3
0 0 -1 -1 -1 -1 -1 -1 -1 -1 -1 -1 -1 -1 
0 0 -1 -1 -1 -1 -1 -1 -1 -1 1 1 1 1 
1 0 -1 -1 -1 -1 1 1 1 1 -1 -1 -1 1 
-1 0 -1 -1 -1 -1 1 1 1 1 1 1 1 -1 
0 1 -1 -1 1 1 -1 -1 1 1 -1 -1 1 -1 
0 -1 -1 -1 1 1 -1 -1 1 1 1 1 -1 1 
-1 -1 -1 -1 1 1 1 1 -1 -1 -1 -1 1 1 
1 1 -1 -1 1 1 1 1 -1 -1 1 1 -1 -1 
0 -1 -1 1 -1 1 -1 1 -1 1 -1 1 -1 -1 
0 1 -1 1 -1 1 -1 1 1 -1 -1 1 1 1 
1 0 -1 1 -1 1 1 -1 -1 1 1 -1 1 1 
-1 0 -1 1 -1 1 1 -1 1 -1 1 -1 -1 -1 
-1 1 -1 1 1 -1 -1 1 -1 1 1 -1 -1 1 
1 -1 -1 1 1 -1 -1 1 1 -1 1 -1 1 -1 
0 0 -1 1 1 -1 1 -1 -1 1 -1 1 1 -1 
0 0 -1 1 1 -1 1 -1 1 -1 -1 1 -1 1 
0 0 1 -1 -1 1 -1 1 -1 1 1 -1 1 -1 
0 0 1 -1 -1 1 -1 1 1 -1 1 -1 -1 1 
-1 1 1 -1 -1 1 1 -1 -1 1 -1 1 -1 1 
1 -1 1 -1 -1 1 1 -1 1 -1 -1 1 1 -1 
1 0 1 -1 1 -1 -1 1 -1 1 -1 1 1 1 
-1 0 1 -1 1 -1 -1 1 1 -1 -1 1 -1 -1 
0 -1 1 -1 1 -1 1 -1 -1 1 1 -1 -1 -1 
0 1 1 -1 1 -1 1 -1 1 -1 1 -1 1 1 
-1 -1 1 1 -1 -1 -1 -1 1 1 -1 -1 1 1 
1 1 1 1 -1 -1 -1 -1 1 1 1 1 -1 -1 
0 1 1 1 -1 -1 1 1 -1 -1 -1 -1 1 -1 
0 -1 1 1 -1 -1 1 1 -1 -1 1 1 -1 1 
1 0 1 1 1 1 -1 -1 -1 -1 -1 -1 -1 1 
-1 0 1 1 1 1 -1 -1 -1 -1 1 1 1 -1 
0 0 1 1 1 1 1 1 1 1 -1 -1 -1 -1 
0 0 1 1 1 1 1 1 1 1 1 1 1 1 
2,32,16,24,12,Optimal,4.04803,params-13.txt,oas/oa-32-12-14
0 1 -1 -1 -1 -1 -1 -1 -1 -1 -1 -1 -1 -1 
0 -1 -1 -1 -1 -1 -1 -1 -1 -1 1 1 1 1 
-1 -1 -1 -1 -1 -1 1 1 1 1 -1 -1 -1 1 
1 1 -1 -1 -1 -1 1 1 1 1 1 1 1 -1 
0 0 -1 -1 1 1 -1 -1 1 1 -1 -1 1 -1 
0 0 -1 -1 1 1 -1 -1 1 1 1 1 -1 1 
1 0 -1 -1 1 1 1 1 -1 -1 -1 -1 1 1 
-1 0 -1 -1 1 1 1 1 -1 -1 1 1 -1 -1 
1 -1 -1 1 -1 1 -1 1 -1 1 -1 1 -1 -1 
-1 1 -1 1 -1 1 -1 1 -1 1 1 -1 1 1 
0 1 -1 1 -1 1 1 -1 1 -1 -1 1 -1 1 
0 -1 -1 1 -1 1 1 -1 1 -1 1 -1 1 -1 
0 0 -1 1 1 -1 -1 1 1 -1 -1 1 1 1 
0 0 -1 1 1 -1 -1 1 1 -1 1 -1 -1 -1 
-1 0 -1 1 1 -1 1 -1 -1 1 -1 1 1 -1 
1 0 -1 1 1 -1 1 -1 -1 1 1 -1 -1 1 
-1 0 1 -1 -1 1 -1 1 1 -1 -1 1 1 -1 
1 0 1 -1 -1 1 -1 1 1 -1 1 -1 -1 1 
0 0 1 -1 -1 1 1 -1 -1 1 -1 1 1 1 
0 0 1 -1 -1 1 1 -1 -1 1 1 -1 -1 -1 
0 1 1 -1 1 -1 -1 1 -1 1 -1 1 -1 1 
0 -1 1 -1 1 -1 -1 1 -1 1 1 -1 1 -1 
1 -1 1 -1 1 -1 1 -1 1 -1 -1 1 -1 -1 
-1 1 1 -1 1 -1 1 -1 1 -1 1 -1 1 1 
1 0 1 1 -1 -1 -1 -1 1 1 -1 -1 1 1 
-1 0 1 1 -1 -1 -1 -1 1 1 1 1 -1 -1 
0 0 1 1 -1 -1 1 1 -1 -1 -1 -1 1 -1 
0 0 1 1 -1 -1 1 1 -1 -1 1 1 -1 1 
-1 -1 1 1 1 1 -1 -1 -1 -1 -1 -1 -1 1 
1 1 1 1 1 1 -1 -1 -1 -1 1 1 1 -1 
0 1 1 1 1 1 1 1 1 1 -1 -1 -1 -1 
0 -1 1 1 1 1 1 1 1 1 1 1 1 1 
2,32,16,24,12,Optimal,1.62167,params-13.txt,oas/oa-32-12-4
-1 -1 -1 -1 -1 -1 -1 -1 -1 -1 -1 -1 -1 -1 
1 1 -1 -1 -1 -1 -1 -1 -1 -1 1 1 1 1 
1 0 -1 -1 -1 -1 1 1 1 1 -1 -1 -1 1 
-1 0 -1 -1 -1 -1 1 1 1 1 1 1 1 -1 
1 0 -1 -1 1 1 -1 -1 1 1 -1 -1 1 -1 
-1 0 -1 -1 1 1 -1 -1 1 1 1 1 -1 1 
-1 1 -1 -1 1 1 1 1 -1 -1 -1 -1 1 1 
1 -1 -1 -1 1 1 1 1 -1 -1 1 1 -1 -1 
0 1 -1 1 -1 1 -1 1 -1 1 -1 1 -1 -1 
0 -1 -1 1 -1 1 -1 1 1 -1 -1 1 1 1 
0 0 -1 1 -1 1 1 -1 -1 1 1 -1 1 -1 
0 0 -1 1 -1 1 1 -1 1 -1 1 -1 -1 1 
0 0 -1 1 1 -1 -1 1 -1 1 1 -1 -1 1 
0 0 -1 1 1 -1 -1 1 1 -1 1 -1 1 -1 
0 -1 -1 1 1 -1 1 -1 -1 1 -1 1 1 1 
0 1 -1 1 1 -1 1 -1 1 -1 -1 1 -1 -1 
0 -1 1 -1 -1 1 -1 1 -1 1 1 -1 1 1 
0 1 1 -1 -1 1 -1 1 1 -1 1 -1 -1 -1 
0 0 1 -1 -1 1 1 -1 -1 1 -1 1 -1 1 
0 0 1 -1 -1 1 1 -1 1 -1 -1 1 1 -1 
0 0 1 -1 1 -1 -1 1 -1 1 -1 1 1 -1 
0 0 1 -1 1 -1 -1 1 1 -1 -1 1 -1 1 
0 1 1 -1 1 -1 1 -1 -1 1 1 -1 -1 -1 
0 -1 1 -1 1 -1 1 -1 1 -1 1 -1 1 1 
-1 1 1 1 -1 -1 -1 -1 1 1 -1 -1 1 1 
1 -1 1 1 -1 -1 -1 -1 1 1 1 1 -1 -1 
1 0 1 1 -1 -1 1 1 -1 -1 -1 -1 1 -1 
-1 0 1 1 -1 -1 1 1 -1 -1 1 1 -1 1 
1 0 1 1 1 1 -1 -1 -1 -1 -1 -1 -1 1 
-1 0 1 1 1 1 -1 -1 -1 -1 1 1 1 -1 
-1 -1 1 1 1 1 1 1 1 1 -1 -1 -1 -1 
1 1 1 1 1 1 1 1 1 1 1 1 1 1 
2,32,16,24,12,Optimal,1.02574,params-13.txt,oas/oa-32-12-5
-1 -1 -1 -1 -1 -1 -1 -1 -1 -1 -1 -1 -1 -1 
0 1 -1 -1 -1 -1 -1 -1 -1 1 1 1 1 1 
1 1 -1 -1 -1 -1 1 1 1 -1 -1 -1 -1 1 
0 -1 -1 -1 -1 -1 1 1 1 1 1 1 1 -1 
1 0 -1 -1 1 1 -1 -1 1 -1 -1 1 1 -1 
0 0 -1 -1 1 1 -1 -1 1 1 1 -1 -1 1 
0 0 -1 -1 1 1 1 1 -1 -1 1 -1 1 -1 
-1 0 -1 -1 1 1 1 1 -1 1 -1 1 -1 1 
0 0 -1 1 -1 1 -1 1 -1 -1 -1 1 1 1 
1 0 -1 1 -1 1 -1 1 -1 1 1 -1 -1 -1 
0 -1 -1 1 -1 1 1 -1 1 -1 1 1 -1 1 
-1 1 -1 1 -1 1 1 -1 1 1 -1 -1 1 -1 
-1 0 -1 1 1 -1 -1 1 1 -1 1 -1 1 1 
0 0 -1 1 1 -1 -1 1 1 1 -1 1 -1 -1 
0 1 -1 1 1 -1 1 -1 -1 -1 1 1 -1 -1 
1 -1 -1 1 1 -1 1 -1 -1 1 -1 -1 1 1 
-1 1 1 -1 -1 1 -1 1 1 -1 1 1 -1 -1 
0 -1 1 -1 -1 1 -1 1 1 1 -1 -1 1 1 
0 0 1 -1 -1 1 1 -1 -1 -1 1 -1 1 1 
1 0 1 -1 -1 1 1 -1 -1 1 -1 1 -1 -1 
1 -1 1 -1 1 -1 -1 1 -1 -1 1 1 -1 1 
0 1 1 -1 1 -1 -1 1 -1 1 -1 -1 1 -1 
-1 0 1 -1 1 -1 1 -1 1 -1 -1 1 1 1 
0 0 1 -1 1 -1 1 -1 1 1 1 -1 -1 -1 
1 0 1 1 -1 -1 -1 -1 1 -1 1 -1 1 -1 
0 0 1 1 -1 -1 -1 -1 1 1 -1 1 -1 1 
0 0 1 1 -1 -1 1 1 -1 -1 -1 1 1 -1 
-1 0 1 1 -1 -1 1 1 -1 1 1 -1 -1 1 
0 1 1 1 1 1 -1 -1 -1 -1 -1 -1 -1 1 
-1 -1 1 1 1 1 -1 -1 -1 1 1 1 1 -1 
0 -1 1 1 1 1 1 1 1 -1 -1 -1 -1 -1 
1 1 1 1 1 1 1 1 1 1 1 1 1 1 
2,32,16,24,12,Optimal,1.29388,params-13.txt,oas/oa-32-12-6
1 1 -1 -1 -1 -1 -1 -1 -1 -1 -1 -1 -1 -1 
0 0 -1 -1 -1 -1 -1 -1 1 1 1 1 1 1 
-1 -1 -1 -1 -1 -1 1 1 -1 -1 -1 -1 1 1 
0 0 -1 -1 -1 -1 1 1 1 1 1 1 -1 -1 
0 -1 -1 -1 1 1 -1 -1 -1 -1 1 1 -1 1 
-1 0 -1 -1 1 1 -1 -1 1 1 -1 -1 1 -1 
0 1 -1 -1 1 1 1 1 -1 1 -1 1 -1 1 
1 0 -1 -1 1 1 1 1 1 -1 1 -1 1 -1 
0 0 -1 1 -1 1 -1 1 -1 -1 1 1 1 -1 
1 -1 -1 1 -1 1 -1 1 1 1 -1 -1 -1 1 
0 1 -1 1 -1 1 1 -1 -1 1 1 -1 1 1 
-1 0 -1 1 -1 1 1 -1 1 -1 -1 1 -1 -1 
0 0 -1 1 1 -1 -1 1 -1 1 -1 1 1 -1 
-1 1 -1 1 1 -1 -1 1 1 -1 1 -1 -1 1 
0 -1 -1 1 1 -1 1 -1 -1 1 1 -1 -1 -1 
1 0 -1 1 1 -1 1 -1 1 -1 -1 1 1 1 
-1 0 1 -1 -1 1 -1 1 -1 1 1 -1 -1 -1 
0 1 1 -1 -1 1 -1 1 1 -1 -1 1 1 1 
1 -1 1 -1 -1 1 1 -1 -1 1 -1 1 1 -1 
0 0 1 -1 -1 1 1 -1 1 -1 1 -1 -1 1 
1 0 1 -1 1 -1 -1 1 -1 1 1 -1 1 1 
0 -1 1 -1 1 -1 -1 1 1 -1 -1 1 -1 -1 
-1 1 1 -1 1 -1 1 -1 -1 -1 1 1 1 -1 
0 0 1 -1 1 -1 1 -1 1 1 -1 -1 -1 1 
-1 0 1 1 -1 -1 -1 -1 -1 1 -1 1 -1 1 
0 -1 1 1 -1 -1 -1 -1 1 -1 1 -1 1 -1 
1 0 1 1 -1 -1 1 1 -1 -1 1 1 -1 1 
0 1 1 1 -1 -1 1 1 1 1 -1 -1 1 -1 
0 0 1 1 1 1 -1 -1 -1 -1 -1 -1 1 1 
1 1 1 1 1 1 -1 -1 1 1 1 1 -1 -1 
0 0 1 1 1 1 1 1 -1 -1 -1 -1 -1 -1 
-1 -1 1 1 1 1 1 1 1 1 1 1 1 1 
2,32,16,24,12,Optimal,2.25118,params-13.txt,oas/oa-32-12-7
-1 0 -1 -1 -1 -1 -1 -1 -1 -1 -1 -1 -1 -1 
1 1 -1 -1 -1 -1 -1 -1 -1 1 1 1 1 1 
1 0 -1 -1 -1 -1 1 1 1 -1 -1 -1 -1 1 
-1 -1 -1 -1 -1 -1 1 1 1 1 1 1 1 -1 
0 0 -1 -1 1 1 -1 -1 1 -1 -1 1 1 -1 
0 -1 -1 -1 1 1 -1 -1 1 1 1 -1 -1 1 
0 0 -1 -1 1 1 1 1 -1 -1 -1 1 1 1 
0 1 -1 -1 1 1 1 1 -1 1 1 -1 -1 -1 
0 0 -1 1 -1 1 -1 1 -1 -1 1 -1 1 -1 
0 -1 -1 1 -1 1 -1 1 -1 1 -1 1 -1 1 
-1 1 -1 1 -1 1 1 -1 1 -1 1 1 -1 1 
1 0 -1 1 -1 1 1 -1 1 1 -1 -1 1 -1 
0 0 -1 1 1 -1 -1 1 1 -1 1 -1 1 1 
0 1 -1 1 1 -1 -1 1 1 1 -1 1 -1 -1 
1 -1 -1 1 1 -1 1 -1 -1 -1 1 1 -1 -1 
-1 0 -1 1 1 -1 1 -1 -1 1 -1 -1 1 1 
1 0 1 -1 -1 1 -1 1 1 -1 1 1 -1 -1 
-1 1 1 -1 -1 1 -1 1 1 1 -1 -1 1 1 
0 -1 1 -1 -1 1 1 -1 -1 -1 1 -1 1 1 
0 0 1 -1 -1 1 1 -1 -1 1 -1 1 -1 -1 
-1 0 1 -1 1 -1 -1 1 -1 -1 1 1 -1 1 
1 -1 1 -1 1 -1 -1 1 -1 1 -1 -1 1 -1 
0 1 1 -1 1 -1 1 -1 1 -1 1 -1 1 -1 
0 0 1 -1 1 -1 1 -1 1 1 -1 1 -1 1 
0 -1 1 1 -1 -1 -1 -1 1 -1 -1 1 1 1 
0 0 1 1 -1 -1 -1 -1 1 1 1 -1 -1 -1 
0 1 1 1 -1 -1 1 1 -1 -1 -1 1 1 -1 
0 0 1 1 -1 -1 1 1 -1 1 1 -1 -1 1 
1 1 1 1 1 1 -1 -1 -1 -1 -1 -1 -1 1 
-1 0 1 1 1 1 -1 -1 -1 1 1 1 1 -1 
-1 -1 1 1 1 1 1 1 1 -1 -1 -1 -1 -1 
1 0 1 1 1 1 1 1 1 1 1 1 1 1 
2,32,16,24,12,Optimal,1.71996,params-13.txt,oas/oa-32-12-8
1 1 -1 -1 -1 -1 -1 -1 -1 -1 -1 -1 -1 -1 
-1 0 -1 -1 -1 -1 -1 -1 -1 1 1 1 1 1 
0 -1 -1 -1 -1 -1 1 1 1 -1 -1 -1 1 1 
0 0 -1 -1 -1 -1 1 1 1 1 1 1 -1 -1 
-1 -1 -1 -1 1 1 -1 -1 1 -1 -1 1 -1 -1 
1 0 -1 -1 1 1 -1 -1 1 1 1 -1 1 1 
0 1 -1 -1 1 1 1 1 -1 -1 -1 1 1 1 
0 0 -1 -1 1 1 1 1 -1 1 1 -1 -1 -1 
0 -1 -1 1 -1 1 -1 1 -1 -1 1 -1 -1 1 
0 0 -1 1 -1 1 -1 1 -1 1 -1 1 1 -1 
-1 1 -1 1 -1 1 1 -1 1 -1 1 -1 1 -1 
1 0 -1 1 -1 1 1 -1 1 1 -1 1 -1 1 
1 0 -1 1 1 -1 -1 1 1 -1 1 1 1 -1 
-1 1 -1 1 1 -1 -1 1 1 1 -1 -1 -1 1 
0 0 -1 1 1 -1 1 -1 -1 -1 1 1 -1 1 
0 -1 -1 1 1 -1 1 -1 -1 1 -1 -1 1 -1 
0 1 1 -1 -1 1 -1 1 1 -1 1 1 -1 1 
0 0 1 -1 -1 1 -1 1 1 1 -1 -1 1 -1 
1 -1 1 -1 -1 1 1 -1 -1 -1 1 1 1 -1 
-1 0 1 -1 -1 1 1 -1 -1 1 -1 -1 -1 1 
-1 0 1 -1 1 -1 -1 1 -1 -1 1 -1 1 -1 
1 -1 1 -1 1 -1 -1 1 -1 1 -1 1 -1 1 
0 0 1 -1 1 -1 1 -1 1 -1 1 -1 -1 1 
0 1 1 -1 1 -1 1 -1 1 1 -1 1 1 -1 
0 0 1 1 -1 -1 -1 -1 1 -1 -1 1 1 1 
0 -1 1 1 -1 -1 -1 -1 1 1 1 -1 -1 -1 
-1 0 1 1 -1 -1 1 1 -1 -1 -1 1 -1 -1 
1 1 1 1 -1 -1 1 1 -1 1 1 -1 1 1 
0 0 1 1 1 1 -1 -1 -1 -1 -1 -1 1 1 
0 1 1 1 1 1 -1 -1 -1 1 1 1 -1 -1 
1 0 1 1 1 1 1 1 1 -1 -1 -1 -1 -1 
-1 -1 1 1 1 1 1 1 1 1 1 1 1 1 
2,32,12,20,6,Optimal,318.253,params-11.txt,oas/oa-32-6-1
1 1 -1 -1 -1 -1 -1 -1 
-1 1 -1 -1 -1 -1 1 1 
0 0 -1 -1 -1 1 -1 1 
-1 -1 -1 -1 -1 1 1 -1 
1 -1 -1 -1 1 -1 -1 1 
0 -1 -1 -1 1 -1 1 -1 
-1 1 -1 -1 1 1 -1 -1 
1 0 -1 -1 1 1 1 1 
0 -1 -1 1 -1 -1 -1 1 
1 1 -1 1 -1 -1 1 -1 
0 -1 -1 1 -1 1 -1 -1 
0 0 -1 1 -1 1 1 1 
-1 0 -1 1 1 -1 -1 -1 
-1 0 -1 1 1 -1 1 1 
0 1 -1 1 1 1 -1 1 
1 0 -1 1 1 1 1 -1 
-1 0 1 -1 -1 -1 -1 1 
0 -1 1 -1 -1 -1 1 -1 
1 0 1 -1 -1 1 -1 -1 
1 0 1 -1 -1 1 1 1 
0 0 1 -1 1 -1 -1 -1 
0 1 1 -1 1 -1 1 1 
-1 -1 1 -1 1 1 -1 1 
0 1 1 -1 1 1 1 -1 
-1 0 1 1 -1 -1 -1 -1 
1 -1 1 1 -1 -1 1 1 
0 1 1 1 -1 1 -1 1 
-1 1 1 1 -1 1 1 -1 
1 1 1 1 1 -1 -1 1 
0 0 1 1 1 -1 1 -1 
1 -1 1 1 1 1 -1 -1 
-1 -1 1 1 1 1 1 1 
2,32,12,20,5,Optimal,380.305,params-11.txt,oas/oa-32-5-1
-1 -1 -1 -1 -1 -1 -1 
-1 0 -1 -1 -1 -1 1 
1 -1 -1 -1 -1 1 -1 
1 0 -1 -1 -1 1 1 
1 1 -1 -1 1 -1 -1 
0 1 -1 -1 1 -1 1 
0 0 -1 -1 1 1 -1 
-1 0 -1 -1 1 1 1 
-1 1 -1 1 -1 -1 -1 
1 0 -1 1 -1 -1 1 
0 0 -1 1 -1 1 -1 
0 1 -1 1 -1 1 1 
0 -1 -1 1 1 -1 -1 
1 -1 -1 1 1 -1 1 
0 1 -1 1 1 1 -1 
-1 -1 -1 1 1 1 1 
1 1 1 -1 -1 -1 -1 
0 -1 1 -1 -1 -1 1 
-1 1 1 -1 -1 1 -1 
0 1 1 -1 -1 1 1 
0 -1 1 -1 1 -1 -1 
0 0 1 -1 1 -1 1 
-1 0 1 -1 1 1 -1 
1 -1 1 -1 1 1 1 
1 0 1 1 -1 -1 -1 
0 0 1 1 -1 -1 1 
0 -1 1 1 -1 1 -1 
-1 -1 1 1 -1 1 1 
-1 0 1 1 1 -1 -1 
-1 1 1 1 1 -1 1 
1 0 1 1 1 1 -1 
1 1 1 1 1 1 1 
2,32,16,20,6,Optimal,232.92,params-12.txt,oas/oa-32-6-1
-1 0 -1 -1 -1 -1 -1 -1 
1 -1 -1 -1 -1 -1 1 1 
0 0 -1 -1 -1 1 -1 1 
0 0 -1 -1 -1 1 1 -1 
0 0 -1 -1 1 -1 -1 1 
1 0 -1 -1 1 -1 1 -1 
0 0 -1 -1 1 1 -1 -1 
-1 1 -1 -1 1 1 1 1 
0 0 -1 1 -1 -1 -1 1 
-1 1 -1 1 -1 -1 1 -1 
0 -1 -1 1 -1 1 -1 -1 
1 1 -1 1 -1 1 1 1 
1 1 -1 1 1 -1 -1 -1 
-1 -1 -1 1 1 -1 1 1 
0 0 -1 1 1 1 -1 1 
0 -1 -1 1 1 1 1 -1 
0 1 1 -1 -1 -1 -1 1 
0 0 1 -1 -1 -1 1 -1 
1 1 1 -1 -1 1 -1 -1 
-1 -1 1 -1 -1 1 1 1 
-1 -1 1 -1 1 -1 -1 -1 
0 1 1 -1 1 -1 1 1 
1 -1 1 -1 1 1 -1 1 
0 0 1 -1 1 1 1 -1 
1 -1 1 1 -1 -1 -1 -1 
0 0 1 1 -1 -1 1 1 
-1 0 1 1 -1 1 -1 1 
0 0 1 1 -1 1 1 -1 
0 0 1 1 1 -1 -1 1 
0 0 1 1 1 -1 1 -1 
-1 1 1 1 1 1 -1 -1 
1 0 1 1 1 1 1 1 
2,32,16,24,6,Optimal,166.4,params-13.txt,oas/oa-32-6-1
1 1 -1 -1 -1 -1 -1 -1 
0 -1 -1 -1 -1 -1 1 1 
-1 0 -1 -1 -1 1 -1 1 
1 0 -1 -1 -1 1 1 -1 
0 -1 -1 -1 1 -1 -1 1 
-1 0 -1 -1 1 -1 1 -1 
0 0 -1 -1 1 1 -1 -1 
0 1 -1 -1 1 1 1 1 
1 0 -1 1 -1 -1 -1 1 
-1 1 -1 1 -1 -1 1 -1 
-1 -1 -1 1 -1 1 -1 -1 
0 0 -1 1 -1 1 1 1 
0 0 -1 1 1 -1 -1 -1 
0 0 -1 1 1 -1 1 1 
0 1 -1 1 1 1 -1 1 
1 -1 -1 1 1 1 1 -1 
-1 1 1 -1 -1 -1 -1 1 
0 -1 1 -1 -1 -1 1 -1 
0 0 1 -1 -1 1 -1 -1 
0 0 1 -1 -1 1 1 1 
0 0 1 -1 1 -1 -1 -1 
1 1 1 -1 1 -1 1 1 
1 -1 1 -1 1 1 -1 1 
-1 0 1 -1 1 1 1 -1 
0 -1 1 1 -1 -1 -1 -1 
0 0 1 1 -1 -1 1 1 
1 0 1 1 -1 1 -1 1 
0 1 1 1 -1 1 1 -1 
-1 0 1 1 1 -1 -1 1 
1 0 1 1 1 -1 1 -1 
0 1 1 1 1 1 -1 -1 
-1 -1 1 1 1 1 1 1 
2,32,16,24,12,Optimal,193.384,params-13.txt,oas/oa-32-12-9
1 1 -1 -1 -1 -1 -1 -1 -1 -1 -1 -1 -1 -1 
-1 -1 -1 -1 -1 -1 -1 -1 -1 -1 1 1 1 1 
-1 0 -1 -1 -1 -1 1 1 1 1 -1 -1 -1 1 
1 0 -1 -1 -1 -1 1 1 1 1 1 1 1 -1 
0 -1 -1 -1 1 1 -1 -1 1 1 -1 -1 1 -1 
0 1 -1 -1 1 1 -1 -1 1 1 1 1 -1 1 
0 0 -1 -1 1 1 1 1 -1 -1 -1 -1 1 1 
0 0 -1 -1 1 1 1 1 -1 -1 1 1 -1 -1 
-1 0 -1 1 -1 1 -1 1 -1 1 -1 1 -1 -1 
1 0 -1 1 -1 1 -1 1 -1 1 1 -1 1 1 
1 -1 -1 1 -1 1 1 -1 1 -1 -1 1 -1 1 
-1 1 -1 1 -1 1 1 -1 1 -1 1 -1 1 -1 
0 0 -1 1 1 -1 -1 1 1 -1 -1 1 1 -1 
0 0 -1 1 1 -1 -1 1 1 -1 1 -1 -1 1 
0 1 -1 1 1 -1 1 -1 -1 1 -1 1 1 1 
0 -1 -1 1 1 -1 1 -1 -1 1 1 -1 -1 -1 
0 1 1 -1 -1 1 -1 1 1 -1 -1 1 1 1 
0 -1 1 -1 -1 1 -1 1 1 -1 1 -1 -1 -1 
0 0 1 -1 -1 1 1 -1 -1 1 -1 1 1 -1 
0 0 1 -1 -1 1 1 -1 -1 1 1 -1 -1 1 
1 -1 1 -1 1 -1 -1 1 -1 1 -1 1 -1 1 
-1 1 1 -1 1 -1 -1 1 -1 1 1 -1 1 -1 
-1 0 1 -1 1 -1 1 -1 1 -1 -1 1 -1 -1 
1 0 1 -1 1 -1 1 -1 1 -1 1 -1 1 1 
0 0 1 1 -1 -1 -1 -1 1 1 -1 -1 1 1 
0 0 1 1 -1 -1 -1 -1 1 1 1 1 -1 -1 
0 -1 1 1 -1 -1 1 1 -1 -1 -1 -1 1 -1 
0 1 1 1 -1 -1 1 1 -1 -1 1 1 -1 1 
-1 0 1 1 1 1 -1 -1 -1 -1 -1 -1 -1 1 
1 0 1 1 1 1 -1 -1 -1 -1 1 1 1 -1 
1 1 1 1 1 1 1 1 1 1 -1 -1 -1 -1 
-1 -1 1 1 1 1 1 1 1 1 1 1 1 1 
2,32,16,24,11,Optimal,225.313,params-13.txt,oas/oa-32-11-6
1 1 -1 -1 -1 -1 -1 -1 -1 -1 -1 -1 -1 
-1 0 -1 -1 -1 -1 -1 -1 -1 1 1 1 1 
0 -1 -1 -1 -1 -1 1 1 1 -1 -1 -1 1 
0 0 -1 -1 -1 -1 1 1 1 1 1 1 -1 
-1 0 -1 -1 1 1 -1 -1 1 -1 -1 1 -1 
1 -1 -1 -1 1 1 -1 -1 1 1 1 -1 1 
0 0 -1 -1 1 1 1 1 -1 -1 -1 1 1 
0 1 -1 -1 1 1 1 1 -1 1 1 -1 -1 
-1 -1 -1 1 -1 1 -1 1 -1 -1 1 -1 -1 
1 0 -1 1 -1 1 -1 1 -1 1 -1 1 1 
0 1 -1 1 -1 1 1 -1 1 -1 1 -1 1 
0 0 -1 1 -1 1 1 -1 1 1 -1 1 -1 
1 0 -1 1 1 -1 -1 1 1 -1 1 1 -1 
-1 1 -1 1 1 -1 -1 1 1 1 -1 -1 1 
0 0 -1 1 1 -1 1 -1 -1 -1 1 1 1 
0 -1 -1 1 1 -1 1 -1 -1 1 -1 -1 -1 
0 1 1 -1 -1 1 -1 1 1 -1 1 1 1 
0 0 1 -1 -1 1 -1 1 1 1 -1 -1 -1 
1 -1 1 -1 -1 1 1 -1 -1 -1 1 1 -1 
-1 0 1 -1 -1 1 1 -1 -1 1 -1 -1 1 
0 0 1 -1 1 -1 -1 1 -1 -1 1 -1 1 
0 -1 1 -1 1 -1 -1 1 -1 1 -1 1 -1 
-1 0 1 -1 1 -1 1 -1 1 -1 1 -1 -1 
1 1 1 -1 1 -1 1 -1 1 1 -1 1 1 
0 -1 1 1 -1 -1 -1 -1 1 -1 -1 1 1 
0 0 1 1 -1 -1 -1 -1 1 1 1 -1 -1 
-1 1 1 1 -1 -1 1 1 -1 -1 -1 1 -1 
1 0 1 1 -1 -1 1 1 -1 1 1 -1 1 
0 0 1 1 1 1 -1 -1 -1 -1 -1 -1 1 
0 1 1 1 1 1 -1 -1 -1 1 1 1 -1 
1 0 1 1 1 1 1 1 1 -1 -1 -1 -1 
-1 -1 1 1 1 1 1 1 1 1 1 1 1 
2,32,16,20,4,Optimal,304.225,params-12.txt,oas/oa-32-4-1
-1 1 -1 -1 -1 -1 
0 0 -1 -1 -1 -1 
1 -1 -1 -1 -1 1 
0 0 -1 -1 -1 1 
1 -1 -1 -1 1 -1 
-1 0 -1 -1 1 -1 
-1 0 -1 -1 1 1 
1 1 -1 -1 1 1 
0 0 -1 1 -1 -1 
1 1 -1 1 -1 -1 
-1 -1 -1 1 -1 1 
0 0 -1 1 -1 1 
0 -1 -1 1 1 -1 
0 0 -1 1 1 -1 
0 0 -1 1 1 1 
0 1 -1 1 1 1 
0 -1 1 -1 -1 -1 
0 0 1 -1 -1 -1 
0 1 1 -1 -1 1 
0 0 1 -1 -1 1 
0 0 1 -1 1 -1 
1 1 1 -1 1 -1 
0 0 1 -1 1 1 
-1 -1 1 -1 1 1 
1 0 1 1 -1 -1 
-1 -1 1 1 -1 -1 
-1 1 1 1 -1 1 
1 0 1 1 -1 1 
-1 1 1 1 1 -1 
0 0 1 1 1 -1 
1 -1 1 1 1 1 
0 0 1 1 1 1 
2,32,16,20,5,Optimal,326.469,params-12.txt,oas/oa-32-5-1
0 0 -1 -1 -1 -1 -1 
0 1 -1 -1 -1 -1 1 
0 -1 -1 -1 -1 1 -1 
0 0 -1 -1 -1 1 1 
0 0 -1 -1 1 -1 -1 
0 0 -1 -1 1 -1 1 
-1 1 -1 -1 1 1 -1 
1 -1 -1 -1 1 1 1 
0 0 -1 1 -1 -1 -1 
0 0 -1 1 -1 -1 1 
1 1 -1 1 -1 1 -1 
-1 -1 -1 1 -1 1 1 
1 -1 -1 1 1 -1 -1 
-1 0 -1 1 1 -1 1 
-1 0 -1 1 1 1 -1 
1 1 -1 1 1 1 1 
-1 -1 1 -1 -1 -1 -1 
1 0 1 -1 -1 -1 1 
1 0 1 -1 -1 1 -1 
-1 1 1 -1 -1 1 1 
1 1 1 -1 1 -1 -1 
-1 -1 1 -1 1 -1 1 
0 0 1 -1 1 1 -1 
0 0 1 -1 1 1 1 
-1 1 1 1 -1 -1 -1 
1 -1 1 1 -1 -1 1 
0 0 1 1 -1 1 -1 
0 0 1 1 -1 1 1 
0 0 1 1 1 -1 -1 
0 1 1 1 1 -1 1 
0 -1 1 1 1 1 -1 
0 0 1 1 1 1 1 
2,32,16,24,5,Optimal,232.226,params-13.txt,oas/oa-32-5-1
1 -1 -1 -1 -1 -1 -1 
0 1 -1 -1 -1 -1 1 
-1 1 -1 -1 -1 1 -1 
0 -1 -1 -1 -1 1 1 
0 0 -1 -1 1 -1 -1 
-1 0 -1 -1 1 -1 1 
0 0 -1 -1 1 1 -1 
1 0 -1 -1 1 1 1 
0 0 -1 1 -1 -1 -1 
-1 0 -1 1 -1 -1 1 
1 1 -1 1 -1 1 -1 
0 -1 -1 1 -1 1 1 
0 0 -1 1 1 -1 -1 
1 0 -1 1 1 -1 1 
-1 -1 -1 1 1 1 -1 
0 1 -1 1 1 1 1 
-1 -1 1 -1 -1 -1 -1 
0 1 1 -1 -1 -1 1 
0 0 1 -1 -1 1 -1 
1 0 1 -1 -1 1 1 
1 1 1 -1 1 -1 -1 
0 -1 1 -1 1 -1 1 
0 0 1 -1 1 1 -1 
-1 0 1 -1 1 1 1 
0 0 1 1 -1 -1 -1 
1 0 1 1 -1 -1 1 
0 0 1 1 -1 1 -1 
-1 0 1 1 -1 1 1 
-1 1 1 1 1 -1 -1 
0 -1 1 1 1 -1 1 
1 -1 1 1 1 1 -1 
0 1 1 1 1 1 1 
2,32,16,24,4,Optimal,298.424,params-13.txt,oas/oa-32-4-1
0 1 -1 -1 -1 -1 
-1 -1 -1 -1 -1 -1 
-1 -1 -1 -1 -1 1 
1 0 -1 -1 -1 1 
1 0 -1 -1 1 -1 
0 0 -1 -1 1 -1 
0 1 -1 -1 1 1 
0 0 -1 -1 1 1 
0 0 -1 1 -1 -1 
1 0 -1 1 -1 -1 
1 0 -1 1 -1 1 
-1 1 -1 1 -1 1 
0 -1 -1 1 1 -1 
-1 1 -1 1 1 -1 
0 0 -1 1 1 1 
0 -1 -1 1 1 1 
0 0 1 -1 -1 -1 
0 1 1 -1 -1 -1 
1 -1 1 -1 -1 1 
0 1 1 -1 -1 1 
-1 0 1 -1 1 -1 
1 -1 1 -1 1 -1 
0 0 1 -1 1 1 
-1 0 1 -1 1 1 
0 0 1 1 -1 -1 
0 -1 1 1 -1 -1 
-1 0 1 1 -1 1 
0 0 1 1 -1 1 
1 1 1 1 1 -1 
-1 0 1 1 1 -1 
1 1 1 1 1 1 
0 -1 1 1 1 1 
3,24,4,8,4,Optimal,1.9049,params-17.txt,oas/oa-24-4-1
-1 1 -1 -1 -1 -1 -1 
1 1 1 -1 -1 -1 -1 
1 -1 1 -1 -1 -1 1 
1 -1 -1 -1 -1 1 -1 
-1 1 0 -1 -1 1 1 
-1 -1 0 -1 -1 1 1 
-1 -1 1 -1 1 -1 -1 
0 -1 -1 -1 1 -1 1 
0 1 -1 -1 1 -1 1 
1 0 -1 -1 1 1 -1 
-1 0 1 -1 1 1 -1 
1 1 1 -1 1 1 1 
-1 -1 -1 1 -1 -1 -1 
-1 0 1 1 -1 -1 1 
1 0 -1 1 -1 -1 1 
0 1 1 1 -1 1 -1 
0 -1 1 1 -1 1 -1 
1 1 -1 1 -1 1 1 
1 1 0 1 1 -1 -1 
1 -1 0 1 1 -1 -1 
-1 1 1 1 1 -1 1 
-1 1 -1 1 1 1 -1 
-1 -1 -1 1 1 1 1 
1 -1 1 1 1 1 1 
3,24,8,12,4,Optimal,1.35049,params-18.txt,oas/oa-24-4-1
0 0 0 -1 -1 -1 -1 
1 1 -1 -1 -1 -1 -1 
-1 0 0 -1 -1 -1 1 
0 -1 1 -1 -1 1 -1 
1 -1 -1 -1 -1 1 1 
-1 1 1 -1 -1 1 1 
-1 -1 0 -1 1 -1 -1 
1 1 1 -1 1 -1 1 
0 -1 0 -1 1 -1 1 
1 0 1 -1 1 1 -1 
-1 1 -1 -1 1 1 -1 
0 0 -1 -1 1 1 1 
0 0 1 1 -1 -1 -1 
1 -1 1 1 -1 -1 1 
-1 0 -1 1 -1 -1 1 
-1 -1 -1 1 -1 1 -1 
0 1 0 1 -1 1 -1 
1 1 0 1 -1 1 1 
-1 1 1 1 1 -1 -1 
1 -1 -1 1 1 -1 -1 
0 1 -1 1 1 -1 1 
1 0 0 1 1 1 -1 
0 0 0 1 1 1 1 
-1 -1 1 1 1 1 1 
3,24,8,16,4,Optimal,2.41177,params-19.txt,oas/oa-24-4-1
0 -1 -1 -1 -1 -1 -1 
1 1 0 -1 -1 -1 -1 
-1 0 -1 -1 -1 -1 1 
-1 0 1 -1 -1 1 -1 
0 -1 1 -1 -1 1 1 
1 1 0 -1 -1 1 1 
0 -1 1 -1 1 -1 -1 
1 0 1 -1 1 -1 1 
-1 1 0 -1 1 -1 1 
-1 1 0 -1 1 1 -1 
1 0 -1 -1 1 1 -1 
0 -1 -1 -1 1 1 1 
0 1 1 1 -1 -1 -1 
-1 0 1 1 -1 -1 1 
1 -1 0 1 -1 -1 1 
1 -1 0 1 -1 1 -1 
-1 0 -1 1 -1 1 -1 
0 1 -1 1 -1 1 1 
0 1 -1 1 1 -1 -1 
-1 -1 0 1 1 -1 -1 
1 0 -1 1 1 -1 1 
1 0 1 1 1 1 -1 
-1 -1 0 1 1 1 1 
0 1 1 1 1 1 1 
3,24,12,16,4,Optimal,1.87758,params-20.txt,oas/oa-24-4-1
0 1 0 -1 -1 -1 -1 
1 -1 1 -1 -1 -1 -1 
-1 0 0 -1 -1 -1 1 
0 1 0 -1 -1 1 -1 
-1 0 0 -1 -1 1 1 
1 -1 -1 -1 -1 1 1 
-1 -1 -1 -1 1 -1 -1 
1 1 -1 -1 1 -1 1 
0 0 1 -1 1 -1 1 
0 0 0 -1 1 1 -1 
0 0 0 -1 1 1 -1 
0 0 1 -1 1 1 1 
0 0 -1 1 -1 -1 -1 
0 0 0 1 -1 -1 1 
0 0 0 1 -1 -1 1 
0 0 -1 1 -1 1 -1 
-1 -1 1 1 -1 1 -1 
1 1 1 1 -1 1 1 
1 0 0 1 1 -1 -1 
-1 1 1 1 1 -1 -1 
0 -1 0 1 1 -1 1 
1 0 0 1 1 1 -1 
-1 1 -1 1 1 1 1 
0 -1 0 1 1 1 1 
3,24,12,16,5,Optimal,2.79573,params-20.txt,oas/oa-24-5-1
1 -1 1 -1 -1 -1 -1 -1 
-1 0 -1 -1 -1 -1 -1 -1 
0 1 1 -1 -1 -1 1 1 
-1 0 0 -1 -1 1 -1 1 
0 1 0 -1 -1 1 1 -1 
1 -1 -1 -1 -1 1 1 1 
1 1 -1 -1 1 -1 -1 1 
0 0 0 -1 1 -1 1 -1 
-1 -1 0 -1 1 -1 1 1 
0 0 0 -1 1 1 -1 -1 
0 0 1 -1 1 1 -1 1 
0 0 0 -1 1 1 1 -1 
0 0 0 1 -1 -1 -1 1 
0 0 -1 1 -1 -1 1 -1 
0 0 0 1 -1 -1 1 1 
1 1 0 1 -1 1 -1 -1 
0 0 0 1 -1 1 -1 1 
-1 -1 1 1 -1 1 1 -1 
-1 1 1 1 1 -1 -1 -1 
0 -1 0 1 1 -1 -1 1 
1 0 0 1 1 -1 1 -1 
0 -1 -1 1 1 1 -1 -1 
1 0 1 1 1 1 1 1 
-1 1 -1 1 1 1 1 1 
3,24,12,16,6,Optimal,2.63801,params-20.txt,oas/oa-24-6-1
0 0 0 -1 -1 -1 -1 -1 -1 
-1 0 0 -1 -1 -1 -1 -1 1 
0 1 1 -1 -1 -1 1 1 -1 
1 0 -1 -1 -1 1 -1 1 -1 
0 -1 0 -1 -1 1 1 -1 1 
0 0 0 -1 -1 1 1 1 1 
0 0 -1 -1 1 -1 -1 1 1 
1 -1 0 -1 1 -1 1 -1 -1 
0 0 0 -1 1 -1 1 1 1 
1 1 1 -1 1 1 -1 -1 1 
-1 -1 1 -1 1 1 -1 1 -1 
-1 1 -1 -1 1 1 1 -1 -1 
1 -1 1 1 -1 -1 -1 1 1 
1 1 -1 1 -1 -1 1 -1 1 
-1 -1 -1 1 -1 -1 1 1 -1 
0 0 0 1 -1 1 -1 -1 -1 
-1 1 0 1 -1 1 -1 1 1 
0 0 1 1 -1 1 1 -1 -1 
0 0 0 1 1 -1 -1 -1 -1 
0 1 0 1 1 -1 -1 1 -1 
-1 0 1 1 1 -1 1 -1 1 
0 -1 -1 1 1 1 -1 -1 1 
1 0 0 1 1 1 1 1 -1 
0 0 0 1 1 1 1 1 1 
3,24,12,20,4,Optimal,2.22407,params-21.txt,oas/oa-24-4-1
-1 -1 0 -1 -1 -1 -1 
-1 1 0 -1 -1 -1 -1 
1 0 0 -1 -1 -1 1 
1 0 0 -1 -1 1 -1 
0 0 1 -1 -1 1 1 
0 0 -1 -1 -1 1 1 
1 0 1 -1 1 -1 -1 
0 -1 0 -1 1 -1 1 
0 1 -1 -1 1 -1 1 
0 -1 -1 -1 1 1 -1 
0 1 0 -1 1 1 -1 
-1 0 1 -1 1 1 1 
1 0 -1 1 -1 -1 -1 
0 -1 0 1 -1 -1 1 
0 1 1 1 -1 -1 1 
0 1 0 1 -1 1 -1 
0 -1 1 1 -1 1 -1 
-1 0 -1 1 -1 1 1 
0 0 -1 1 1 -1 -1 
0 0 1 1 1 -1 -1 
-1 0 0 1 1 -1 1 
-1 0 0 1 1 1 -1 
1 1 0 1 1 1 1 
1 -1 0 1 1 1 1 
3,24,12,20,5,Optimal,2.96468,params-21.txt,oas/oa-24-5-1
0 1 0 -1 -1 -1 -1 -1 
0 -1 -1 -1 -1 -1 -1 -1 
0 0 1 -1 -1 -1 1 1 
0 -1 1 -1 -1 1 -1 1 
-1 1 0 -1 -1 1 1 -1 
1 0 -1 -1 -1 1 1 1 
-1 0 0 -1 1 -1 -1 1 
1 0 1 -1 1 -1 1 -1 
0 0 -1 -1 1 -1 1 1 
1 0 0 -1 1 1 -1 -1 
0 1 0 -1 1 1 -1 1 
-1 -1 0 -1 1 1 1 -1 
1 1 0 1 -1 -1 -1 1 
0 -1 0 1 -1 -1 1 -1 
-1 0 0 1 -1 -1 1 1 
0 0 1 1 -1 1 -1 -1 
-1 0 -1 1 -1 1 -1 1 
1 0 0 1 -1 1 1 -1 
-1 0 1 1 1 -1 -1 -1 
1 -1 0 1 1 -1 -1 1 
0 1 -1 1 1 -1 1 -1 
0 0 -1 1 1 1 -1 -1 
0 -1 0 1 1 1 1 1 
0 1 1 1 1 1 1 1 
3,24,12,20,6,Optimal,2.74487,params-21.txt,oas/oa-24-6-1
-1 0 1 -1 -1 -1 -1 -1 -1 
1 0 0 -1 -1 -1 -1 -1 1 
1 1 0 -1 -1 -1 1 1 -1 
-1 0 -1 -1 -1 1 -1 1 -1 
0 0 -1 -1 -1 1 1 -1 1 
0 -1 1 -1 -1 1 1 1 1 
0 -1 0 -1 1 -1 -1 1 1 
0 -1 -1 -1 1 -1 1 -1 -1 
-1 1 0 -1 1 -1 1 1 1 
0 1 0 -1 1 1 -1 -1 1 
1 0 0 -1 1 1 -1 1 -1 
0 0 1 -1 1 1 1 -1 -1 
0 0 -1 1 -1 -1 -1 1 1 
-1 0 0 1 -1 -1 1 -1 1 
0 -1 0 1 -1 -1 1 1 -1 
1 -1 0 1 -1 1 -1 -1 -1 
0 1 1 1 -1 1 -1 1 1 
0 1 0 1 -1 1 1 -1 -1 
0 1 -1 1 1 -1 -1 -1 -1 
0 0 1 1 1 -1 -1 1 -1 
1 0 1 1 1 -1 1 -1 1 
-1 -1 0 1 1 1 -1 -1 1 
-1 0 0 1 1 1 1 1 -1 
1 0 -1 1 1 1 1 1 1 
2,32,20,24,4,Optimal,277.977,params-14.txt,oas/oa-32-4-1
0 0 -1 -1 -1 -1 
-1 -1 -1 -1 -1 -1 
0 0 -1 -1 -1 1 
0 1 -1 -1 -1 1 
0 0 -1 -1 1 -1 
0 0 -1 -1 1 -1 
0 0 -1 -1 1 1 
1 0 -1 -1 1 1 
0 0 -1 1 -1 -1 
0 1 -1 1 -1 -1 
0 0 -1 1 -1 1 
1 -1 -1 1 -1 1 
0 0 -1 1 1 -1 
1 0 -1 1 1 -1 
-1 -1 -1 1 1 1 
-1 1 -1 1 1 1 
1 -1 1 -1 -1 -1 
1 1 1 -1 -1 -1 
0 0 1 -1 -1 1 
-1 0 1 -1 -1 1 
-1 1 1 -1 1 -1 
0 0 1 -1 1 -1 
0 0 1 -1 1 1 
0 -1 1 -1 1 1 
0 0 1 1 -1 -1 
-1 0 1 1 -1 -1 
0 0 1 1 -1 1 
0 0 1 1 -1 1 
0 0 1 1 1 -1 
0 -1 1 1 1 -1 
0 0 1 1 1 1 
1 1 1 1 1 1 
2,32,20,24,6,Optimal,272.762,params-14.txt,oas/oa-32-6-1
-1 1 -1 -1 -1 -1 -1 -1 
1 -1 -1 -1 -1 -1 1 1 
0 0 -1 -1 -1 1 -1 1 
0 0 -1 -1 -1 1 1 -1 
1 1 -1 -1 1 -1 -1 1 
0 0 -1 -1 1 -1 1 -1 
0 -1 -1 -1 1 1 -1 -1 
-1 0 -1 -1 1 1 1 1 
0 0 -1 1 -1 -1 -1 1 
0 0 -1 1 -1 -1 1 -1 
0 0 -1 1 -1 1 -1 -1 
0 0 -1 1 -1 1 1 1 
0 -1 -1 1 1 -1 -1 -1 
-1 0 -1 1 1 -1 1 1 
0 0 -1 1 1 1 -1 1 
1 1 -1 1 1 1 1 -1 
-1 -1 1 -1 -1 -1 -1 1 
0 0 1 -1 -1 -1 1 -1 
1 0 1 -1 -1 1 -1 -1 
0 1 1 -1 -1 1 1 1 
0 0 1 -1 1 -1 -1 -1 
0 0 1 -1 1 -1 1 1 
0 0 1 -1 1 1 -1 1 
0 0 1 -1 1 1 1 -1 
1 0 1 1 -1 -1 -1 -1 
0 1 1 1 -1 -1 1 1 
0 0 1 1 -1 1 -1 1 
-1 -1 1 1 -1 1 1 -1 
0 0 1 1 1 -1 -1 1 
0 0 1 1 1 -1 1 -1 
-1 1 1 1 1 1 -1 -1 
1 -1 1 1 1 1 1 1 
2,32,20,24,5,Optimal,324.453,params-14.txt,oas/oa-32-5-1
-1 0 -1 -1 -1 -1 -1 
0 0 -1 -1 -1 -1 1 
0 0 -1 -1 -1 1 -1 
0 0 -1 -1 -1 1 1 
0 0 -1 -1 1 -1 -1 
0 -1 -1 -1 1 -1 1 
1 1 -1 -1 1 1 -1 
0 0 -1 -1 1 1 1 
0 1 -1 1 -1 -1 -1 
0 0 -1 1 -1 -1 1 
1 -1 -1 1 -1 1 -1 
0 0 -1 1 -1 1 1 
0 0 -1 1 1 -1 -1 
1 0 -1 1 1 -1 1 
-1 -1 -1 1 1 1 -1 
-1 1 -1 1 1 1 1 
1 -1 1 -1 -1 -1 -1 
1 1 1 -1 -1 -1 1 
-1 0 1 -1 -1 1 -1 
0 0 1 -1 -1 1 1 
0 0 1 -1 1 -1 -1 
-1 1 1 -1 1 -1 1 
0 0 1 -1 1 1 -1 
0 -1 1 -1 1 1 1 
0 0 1 1 -1 -1 -1 
-1 -1 1 1 -1 -1 1 
0 1 1 1 -1 1 -1 
0 0 1 1 -1 1 1 
0 0 1 1 1 -1 -1 
0 0 1 1 1 -1 1 
0 0 1 1 1 1 -1 
1 0 1 1 1 1 1 
2,32,20,28,6,Optimal,227.2,params-15.txt,oas/oa-32-6-1
-1 0 -1 -1 -1 -1 -1 -1 
1 1 -1 -1 -1 -1 1 1 
0 0 -1 -1 -1 1 -1 1 
0 0 -1 -1 -1 1 1 -1 
-1 0 -1 -1 1 -1 -1 1 
0 0 -1 -1 1 -1 1 -1 
1 -1 -1 -1 1 1 -1 -1 
0 0 -1 -1 1 1 1 1 
1 0 -1 1 -1 -1 -1 1 
0 -1 -1 1 -1 -1 1 -1 
0 0 -1 1 -1 1 -1 -1 
-1 0 -1 1 -1 1 1 1 
0 1 -1 1 1 -1 -1 -1 
0 -1 -1 1 1 -1 1 1 
0 0 -1 1 1 1 -1 1 
0 1 -1 1 1 1 1 -1 
0 -1 1 -1 -1 -1 -1 1 
0 0 1 -1 -1 -1 1 -1 
0 1 1 -1 -1 1 -1 -1 
0 -1 1 -1 -1 1 1 1 
1 0 1 -1 1 -1 -1 -1 
0 0 1 -1 1 -1 1 1 
0 1 1 -1 1 1 -1 1 
-1 0 1 -1 1 1 1 -1 
0 0 1 1 -1 -1 -1 -1 
-1 1 1 1 -1 -1 1 1 
0 0 1 1 -1 1 -1 1 
1 0 1 1 -1 1 1 -1 
0 0 1 1 1 -1 -1 1 
0 0 1 1 1 -1 1 -1 
-1 -1 1 1 1 1 -1 -1 
1 0 1 1 1 1 1 1 
2,32,20,28,4,Optimal,292.256,params-15.txt,oas/oa-32-4-1
1 -1 -1 -1 -1 -1 
0 1 -1 -1 -1 -1 
0 0 -1 -1 -1 1 
0 0 -1 -1 -1 1 
-1 0 -1 -1 1 -1 
0 -1 -1 -1 1 -1 
-1 0 -1 -1 1 1 
1 1 -1 -1 1 1 
0 1 -1 1 -1 -1 
-1 0 -1 1 -1 -1 
0 -1 -1 1 -1 1 
0 0 -1 1 -1 1 
1 0 -1 1 1 -1 
0 0 -1 1 1 -1 
0 0 -1 1 1 1 
0 0 -1 1 1 1 
0 0 1 -1 -1 -1 
0 0 1 -1 -1 -1 
-1 0 1 -1 -1 1 
0 0 1 -1 -1 1 
0 0 1 -1 1 -1 
0 1 1 -1 1 -1 
0 -1 1 -1 1 1 
1 0 1 -1 1 1 
1 0 1 1 -1 -1 
-1 -1 1 1 -1 -1 
1 0 1 1 -1 1 
0 1 1 1 -1 1 
0 0 1 1 1 -1 
0 0 1 1 1 -1 
-1 1 1 1 1 1 
0 -1 1 1 1 1 
2,32,20,28,5,Optimal,382.192,params-15.txt,oas/oa-32-5-1
0 0 -1 -1 -1 -1 -1 
1 0 -1 -1 -1 -1 1 
-1 -1 -1 -1 -1 1 -1 
0 0 -1 -1 -1 1 1 
0 1 -1 -1 1 -1 -1 
0 0 -1 -1 1 -1 1 
1 0 -1 -1 1 1 -1 
-1 0 -1 -1 1 1 1 
-1 1 -1 1 -1 -1 -1 
0 -1 -1 1 -1 -1 1 
1 0 -1 1 -1 1 -1 
0 1 -1 1 -1 1 1 
0 -1 -1 1 1 -1 -1 
0 0 -1 1 1 -1 1 
0 0 -1 1 1 1 -1 
0 0 -1 1 1 1 1 
0 0 1 -1 -1 -1 -1 
0 0 1 -1 -1 -1 1 
0 0 1 -1 -1 1 -1 
0 1 1 -1 -1 1 1 
0 -1 1 -1 1 -1 -1 
-1 0 1 -1 1 -1 1 
0 1 1 -1 1 1 -1 
1 -1 1 -1 1 1 1 
1 0 1 1 -1 -1 -1 
-1 0 1 1 -1 -1 1 
0 0 1 1 -1 1 -1 
0 -1 1 1 -1 1 1 
0 0 1 1 1 -1 -1 
1 1 1 1 1 -1 1 
-1 0 1 1 1 1 -1 
0 0 1 1 1 1 1 
3,32,8,12,4,Optimal,2.72254,params-23.txt,oas/oa-32-4-1
1 -1 1 -1 -1 -1 -1 
-1 -1 1 -1 -1 -1 -1 
1 0 0 -1 -1 -1 1 
-1 0 -1 -1 -1 -1 1 
-1 1 -1 -1 -1 1 -1 
1 1 1 -1 -1 1 -1 
0 0 0 -1 -1 1 1 
0 0 -1 -1 -1 1 1 
1 1 -1 -1 1 -1 -1 
-1 -1 -1 -1 1 -1 -1 
0 1 0 -1 1 -1 1 
0 1 1 -1 1 -1 1 
1 -1 -1 -1 1 1 -1 
-1 1 1 -1 1 1 -1 
1 -1 0 -1 1 1 1 
-1 -1 1 -1 1 1 1 
1 1 -1 1 -1 -1 -1 
-1 1 0 1 -1 -1 -1 
1 -1 -1 1 -1 -1 1 
-1 1 1 1 -1 -1 1 
0 -1 0 1 -1 1 -1 
0 -1 -1 1 -1 1 -1 
1 1 1 1 -1 1 1 
-1 -1 1 1 -1 1 1 
0 0 0 1 1 -1 -1 
0 0 1 1 1 -1 -1 
-1 -1 -1 1 1 -1 1 
1 -1 1 1 1 -1 1 
1 0 1 1 1 1 -1 
-1 0 0 1 1 1 -1 
1 1 -1 1 1 1 1 
-1 1 -1 1 1 1 1 
3,32,8,12,5,Optimal,4.25495,params-23.txt,oas/oa-32-5-1
-1 -1 -1 -1 -1 -1 -1 -1 
1 -1 -1 -1 -1 -1 -1 1 
1 1 1 -1 -1 -1 1 -1 
-1 1 0 -1 -1 -1 1 1 
1 -1 1 -1 -1 1 -1 -1 
0 1 0 -1 -1 1 -1 1 
0 1 -1 -1 -1 1 1 -1 
-1 -1 1 -1 -1 1 1 1 
-1 1 1 -1 1 -1 -1 -1 
-1 0 0 -1 1 -1 -1 1 
1 0 -1 -1 1 -1 1 -1 
1 -1 1 -1 1 -1 1 1 
0 0 1 -1 1 1 -1 -1 
1 1 -1 -1 1 1 -1 1 
-1 -1 -1 -1 1 1 1 -1 
0 0 0 -1 1 1 1 1 
0 0 0 1 -1 -1 -1 -1 
1 1 1 1 -1 -1 -1 1 
-1 -1 1 1 -1 -1 1 -1 
0 0 -1 1 -1 -1 1 1 
-1 1 -1 1 -1 1 -1 -1 
-1 0 1 1 -1 1 -1 1 
1 0 0 1 -1 1 1 -1 
1 -1 -1 1 -1 1 1 1 
1 1 -1 1 1 -1 -1 -1 
0 -1 1 1 1 -1 -1 1 
0 -1 0 1 1 -1 1 -1 
-1 1 -1 1 1 -1 1 1 
1 -1 0 1 1 1 -1 -1 
-1 -1 -1 1 1 1 -1 1 
-1 1 1 1 1 1 1 -1 
1 1 1 1 1 1 1 1 
3,32,4,8,4,Optimal,411.572,params-22.txt,oas/oa-32-4-1
-1 -1 1 -1 -1 -1 -1 
1 1 -1 -1 -1 -1 -1 
1 1 1 -1 -1 -1 1 
1 -1 1 -1 -1 -1 1 
-1 1 1 -1 -1 1 -1 
-1 -1 -1 -1 -1 1 -1 
-1 1 -1 -1 -1 1 1 
1 -1 -1 -1 -1 1 1 
-1 0 1 -1 1 -1 -1 
1 0 -1 -1 1 -1 -1 
-1 -1 -1 -1 1 -1 1 
-1 1 -1 -1 1 -1 1 
1 1 0 -1 1 1 -1 
1 -1 0 -1 1 1 -1 
0 -1 1 -1 1 1 1 
0 1 1 -1 1 1 1 
0 -1 -1 1 -1 -1 -1 
0 1 -1 1 -1 -1 -1 
-1 -1 0 1 -1 -1 1 
-1 1 0 1 -1 -1 1 
1 -1 1 1 -1 1 -1 
1 1 1 1 -1 1 -1 
1 0 -1 1 -1 1 1 
-1 0 1 1 -1 1 1 
-1 1 1 1 1 -1 -1 
1 -1 1 1 1 -1 -1 
1 1 1 1 1 -1 1 
1 -1 -1 1 1 -1 1 
-1 1 -1 1 1 1 -1 
-1 -1 -1 1 1 1 -1 
-1 -1 1 1 1 1 1 
1 1 -1 1 1 1 1 
3,32,12,16,4,Optimal,2.60915,params-25.txt,oas/oa-32-4-1
-1 -1 1 -1 -1 -1 -1 
1 1 -1 -1 -1 -1 -1 
-1 -1 -1 -1 -1 -1 1 
1 1 1 -1 -1 -1 1 
-1 1 -1 -1 -1 1 -1 
1 -1 1 -1 -1 1 -1 
0 -1 0 -1 -1 1 1 
0 1 0 -1 -1 1 1 
-1 1 1 -1 1 -1 -1 
1 -1 -1 -1 1 -1 -1 
1 0 0 -1 1 -1 1 
-1 0 0 -1 1 -1 1 
0 0 -1 -1 1 1 -1 
0 0 1 -1 1 1 -1 
0 0 0 -1 1 1 1 
0 0 0 -1 1 1 1 
0 0 0 1 -1 -1 -1 
0 0 0 1 -1 -1 -1 
0 0 1 1 -1 -1 1 
0 0 -1 1 -1 -1 1 
1 0 0 1 -1 1 -1 
-1 0 0 1 -1 1 -1 
-1 1 1 1 -1 1 1 
1 -1 -1 1 -1 1 1 
0 -1 0 1 1 -1 -1 
0 1 0 1 1 -1 -1 
1 -1 1 1 1 -1 1 
-1 1 -1 1 1 -1 1 
1 1 1 1 1 1 -1 
-1 -1 -1 1 1 1 -1 
1 1 -1 1 1 1 1 
-1 -1 1 1 1 1 1 
3,32,12,16,5,Optimal,3.66549,params-25.txt,oas/oa-32-5-1
1 1 1 -1 -1 -1 -1 -1 
1 0 -1 -1 -1 -1 -1 1 
-1 -1 -1 -1 -1 -1 1 -1 
-1 1 1 -1 -1 -1 1 1 
0 0 0 -1 -1 1 -1 -1 
-1 0 0 -1 -1 1 -1 1 
1 -1 1 -1 -1 1 1 -1 
0 0 -1 -1 -1 1 1 1 
0 -1 -1 -1 1 -1 -1 -1 
0 0 0 -1 1 -1 -1 1 
-1 1 0 -1 1 -1 1 -1 
1 -1 1 -1 1 -1 1 1 
0 1 0 -1 1 1 -1 -1 
-1 -1 1 -1 1 1 -1 1 
0 0 0 -1 1 1 1 -1 
1 1 -1 -1 1 1 1 1 
-1 -1 1 1 -1 -1 -1 -1 
0 0 0 1 -1 -1 -1 1 
1 1 -1 1 -1 -1 1 -1 
0 -1 0 1 -1 -1 1 1 
-1 1 -1 1 -1 1 -1 -1 
1 -1 0 1 -1 1 -1 1 
0 0 0 1 -1 1 1 -1 
0 1 1 1 -1 1 1 1 
0 0 1 1 1 -1 -1 -1 
-1 1 -1 1 1 -1 -1 1 
1 0 0 1 1 -1 1 -1 
0 0 0 1 1 -1 1 1 
1 -1 -1 1 1 1 -1 -1 
1 1 1 1 1 1 -1 1 
-1 0 1 1 1 1 1 -1 
-1 -1 -1 1 1 1 1 1 
3,32,12,16,6,Optimal,3.90688,params-25.txt,oas/oa-32-6-1
-1 1 -1 -1 -1 -1 -1 -1 -1 
0 0 1 -1 -1 -1 -1 1 1 
-1 -1 -1 -1 -1 -1 1 -1 1 
0 1 1 -1 -1 -1 1 1 -1 
1 1 1 -1 -1 1 -1 -1 1 
1 -1 -1 -1 -1 1 -1 1 -1 
0 0 0 -1 -1 1 1 -1 -1 
0 -1 0 -1 -1 1 1 1 1 
1 -1 0 -1 1 -1 -1 -1 1 
-1 -1 1 -1 1 -1 -1 1 -1 
1 0 0 -1 1 -1 1 -1 -1 
1 1 -1 -1 1 -1 1 1 1 
0 0 0 -1 1 1 -1 -1 -1 
-1 1 -1 -1 1 1 -1 1 1 
-1 0 1 -1 1 1 1 -1 1 
0 0 0 -1 1 1 1 1 -1 
0 0 0 1 -1 -1 -1 -1 1 
1 0 -1 1 -1 -1 -1 1 -1 
1 -1 1 1 -1 -1 1 -1 -1 
0 0 0 1 -1 -1 1 1 1 
-1 -1 1 1 -1 1 -1 -1 -1 
-1 0 0 1 -1 1 -1 1 1 
1 1 -1 1 -1 1 1 -1 1 
-1 1 0 1 -1 1 1 1 -1 
0 1 0 1 1 -1 -1 -1 -1 
0 0 0 1 1 -1 -1 1 1 
-1 1 1 1 1 -1 1 -1 1 
-1 -1 -1 1 1 -1 1 1 -1 
0 -1 -1 1 1 1 -1 -1 1 
1 1 1 1 1 1 -1 1 -1 
0 0 -1 1 1 1 1 -1 -1 
1 -1 1 1 1 1 1 1 1 
3,32,8,16,4,Optimal,399.22,params-24.txt,oas/oa-32-4-1
-1 -1 -1 -1 -1 -1 -1 
1 1 0 -1 -1 -1 -1 
1 0 1 -1 -1 -1 1 
0 1 -1 -1 -1 -1 1 
-1 0 1 -1 -1 1 -1 
1 -1 1 -1 -1 1 -1 
-1 1 0 -1 -1 1 1 
0 -1 -1 -1 -1 1 1 
-1 -1 -1 -1 1 -1 -1 
1 1 0 -1 1 -1 -1 
0 -1 1 -1 1 -1 1 
-1 0 1 -1 1 -1 1 
-1 1 1 -1 1 1 -1 
1 0 -1 -1 1 1 -1 
1 -1 0 -1 1 1 1 
0 1 -1 -1 1 1 1 
-1 1 0 1 -1 -1 -1 
0 -1 1 1 -1 -1 -1 
1 -1 -1 1 -1 -1 1 
-1 0 1 1 -1 -1 1 
0 1 -1 1 -1 1 -1 
1 0 -1 1 -1 1 -1 
-1 -1 0 1 -1 1 1 
1 1 1 1 -1 1 1 
0 1 1 1 1 -1 -1 
1 -1 0 1 1 -1 -1 
-1 1 -1 1 1 -1 1 
1 0 -1 1 1 -1 1 
-1 0 -1 1 1 1 -1 
0 -1 1 1 1 1 -1 
1 1 1 1 1 1 1 
-1 -1 0 1 1 1 1 
3,32,8,16,5,Optimal,404.252,params-24.txt,oas/oa-32-5-1
0 -1 1 -1 -1 -1 -1 -1 
1 1 1 -1 -1 -1 -1 1 
0 1 -1 -1 -1 -1 1 -1 
-1 1 1 -1 -1 -1 1 1 
1 0 -1 -1 -1 1 -1 -1 
-1 -1 0 -1 -1 1 -1 1 
-1 -1 0 -1 -1 1 1 -1 
1 0 -1 -1 -1 1 1 1 
-1 0 -1 -1 1 -1 -1 -1 
1 -1 0 -1 1 -1 -1 1 
1 -1 0 -1 1 -1 1 -1 
-1 0 -1 -1 1 -1 1 1 
-1 1 1 -1 1 1 -1 -1 
0 1 -1 -1 1 1 -1 1 
1 1 1 -1 1 1 1 -1 
0 -1 1 -1 1 1 1 1 
0 1 -1 1 -1 -1 -1 -1 
-1 -1 -1 1 -1 -1 -1 1 
0 -1 1 1 -1 -1 1 -1 
1 -1 -1 1 -1 -1 1 1 
1 0 1 1 -1 1 -1 -1 
-1 1 0 1 -1 1 -1 1 
-1 1 0 1 -1 1 1 -1 
1 0 1 1 -1 1 1 1 
-1 0 1 1 1 -1 -1 -1 
1 1 0 1 1 -1 -1 1 
1 1 0 1 1 -1 1 -1 
-1 0 1 1 1 -1 1 1 
1 -1 -1 1 1 1 -1 -1 
0 -1 1 1 1 1 -1 1 
-1 -1 -1 1 1 1 1 -1 
0 1 -1 1 1 1 1 1 
3,32,8,16,6,Optimal,429.886,params-24.txt,oas/oa-32-6-1
-1 -1 1 -1 -1 -1 -1 -1 -1 
0 -1 -1 -1 -1 -1 -1 1 1 
0 1 1 -1 -1 -1 1 -1 1 
1 1 -1 -1 -1 -1 1 1 -1 
1 1 -1 -1 -1 1 -1 -1 1 
0 1 1 -1 -1 1 -1 1 -1 
0 -1 -1 -1 -1 1 1 -1 -1 
-1 -1 1 -1 -1 1 1 1 1 
1 -1 0 -1 1 -1 -1 -1 1 
1 0 1 -1 1 -1 -1 1 -1 
-1 1 0 -1 1 -1 1 -1 -1 
-1 0 -1 -1 1 -1 1 1 1 
-1 0 -1 -1 1 1 -1 -1 -1 
-1 1 0 -1 1 1 -1 1 1 
1 0 1 -1 1 1 1 -1 1 
1 -1 0 -1 1 1 1 1 -1 
-1 1 0 1 -1 -1 -1 -1 1 
-1 0 -1 1 -1 -1 -1 1 -1 
1 -1 0 1 -1 -1 1 -1 -1 
1 0 1 1 -1 -1 1 1 1 
1 0 1 1 -1 1 -1 -1 -1 
1 -1 0 1 -1 1 -1 1 1 
-1 0 -1 1 -1 1 1 -1 1 
-1 1 0 1 -1 1 1 1 -1 
1 1 -1 1 1 -1 -1 -1 -1 
0 1 1 1 1 -1 -1 1 1 
0 -1 -1 1 1 -1 1 -1 1 
-1 -1 1 1 1 -1 1 1 -1 
-1 -1 1 1 1 1 -1 -1 1 
0 -1 -1 1 1 1 -1 1 -1 
0 1 1 1 1 1 1 -1 -1 
1 1 -1 1 1 1 1 1 1 
3,32,12,20,4,Optimal,3.36066,params-26.txt,oas/oa-32-4-1
1 -1 0 -1 -1 -1 -1 
-1 0 0 -1 -1 -1 -1 
-1 0 0 -1 -1 -1 1 
1 1 -1 -1 -1 -1 1 
1 0 1 -1 -1 1 -1 
-1 0 1 -1 -1 1 -1 
0 -1 0 -1 -1 1 1 
0 1 -1 -1 -1 1 1 
0 1 0 -1 1 -1 -1 
0 0 -1 -1 1 -1 -1 
0 -1 1 -1 1 -1 1 
0 0 1 -1 1 -1 1 
1 -1 -1 -1 1 1 -1 
-1 1 0 -1 1 1 -1 
-1 -1 -1 -1 1 1 1 
1 1 1 -1 1 1 1 
-1 -1 -1 1 -1 -1 -1 
1 1 1 1 -1 -1 -1 
1 -1 0 1 -1 -1 1 
-1 1 1 1 -1 -1 1 
0 1 -1 1 -1 1 -1 
0 0 -1 1 -1 1 -1 
0 0 1 1 -1 1 1 
0 -1 0 1 -1 1 1 
0 1 0 1 1 -1 -1 
0 -1 1 1 1 -1 -1 
1 0 -1 1 1 -1 1 
-1 0 -1 1 1 -1 1 
-1 -1 1 1 1 1 -1 
1 0 0 1 1 1 -1 
-1 1 0 1 1 1 1 
1 0 0 1 1 1 1 
3,32,12,20,6,Optimal,5.60365,params-26.txt,oas/oa-32-6-1
-1 1 -1 -1 -1 -1 -1 -1 -1 
0 -1 0 -1 -1 -1 -1 1 1 
0 0 1 -1 -1 -1 1 -1 1 
1 0 1 -1 -1 -1 1 1 -1 
0 0 1 -1 -1 1 -1 -1 1 
0 -1 -1 -1 -1 1 -1 1 -1 
-1 0 0 -1 -1 1 1 -1 -1 
1 1 -1 -1 -1 1 1 1 1 
0 1 0 -1 1 -1 -1 -1 1 
1 1 0 -1 1 -1 -1 1 -1 
0 -1 -1 -1 1 -1 1 -1 -1 
-1 -1 0 -1 1 -1 1 1 1 
1 -1 1 -1 1 1 -1 -1 -1 
-1 0 0 -1 1 1 -1 1 1 
1 0 -1 -1 1 1 1 -1 1 
-1 1 1 -1 1 1 1 1 -1 
1 -1 -1 1 -1 -1 -1 -1 1 
-1 0 1 1 -1 -1 -1 1 -1 
1 0 0 1 -1 -1 1 -1 -1 
-1 1 -1 1 -1 -1 1 1 1 
1 1 0 1 -1 1 -1 -1 -1 
0 1 1 1 -1 1 -1 1 1 
-1 -1 0 1 -1 1 1 -1 1 
0 -1 0 1 -1 1 1 1 -1 
-1 -1 1 1 1 -1 -1 -1 -1 
1 0 0 1 1 -1 -1 1 1 
0 1 1 1 1 -1 1 -1 1 
0 0 -1 1 1 -1 1 1 -1 
-1 0 -1 1 1 1 -1 -1 1 
0 0 -1 1 1 1 -1 1 -1 
0 1 0 1 1 1 1 -1 -1 
1 -1 1 1 1 1 1 1 1 
3,32,16,20,4,Optimal,3.42023,params-27.txt,oas/oa-32-4-1
-1 1 -1 -1 -1 -1 -1 
0 0 0 -1 -1 -1 -1 
1 0 0 -1 -1 -1 1 
-1 -1 0 -1 -1 -1 1 
0 0 0 -1 -1 1 -1 
1 1 1 -1 -1 1 -1 
0 0 0 -1 -1 1 1 
0 -1 0 -1 -1 1 1 
0 0 0 -1 1 -1 -1 
1 -1 -1 -1 1 -1 -1 
0 1 1 -1 1 -1 1 
0 0 1 -1 1 -1 1 
-1 -1 1 -1 1 1 -1 
0 0 0 -1 1 1 -1 
-1 1 -1 -1 1 1 1 
1 0 -1 -1 1 1 1 
-1 0 1 1 -1 -1 -1 
1 -1 1 1 -1 -1 -1 
1 1 -1 1 -1 -1 1 
0 0 0 1 -1 -1 1 
0 -1 -1 1 -1 1 -1 
0 0 -1 1 -1 1 -1 
0 0 0 1 -1 1 1 
-1 1 1 1 -1 1 1 
0 1 0 1 1 -1 -1 
0 0 0 1 1 -1 -1 
-1 -1 -1 1 1 -1 1 
0 0 0 1 1 -1 1 
1 1 0 1 1 1 -1 
-1 0 0 1 1 1 -1 
0 0 0 1 1 1 1 
1 -1 1 1 1 1 1 
3,32,16,20,5,Optimal,3.54701,params-27.txt,oas/oa-32-5-1
1 0 0 -1 -1 -1 -1 -1 
-1 -1 -1 -1 -1 -1 -1 1 
-1 0 1 -1 -1 -1 1 -1 
0 0 1 -1 -1 -1 1 1 
-1 1 -1 -1 -1 1 -1 -1 
1 1 1 -1 -1 1 -1 1 
0 0 0 -1 -1 1 1 -1 
1 -1 -1 -1 -1 1 1 1 
0 0 0 -1 1 -1 -1 -1 
0 0 0 -1 1 -1 -1 1 
1 1 -1 -1 1 -1 1 -1 
0 0 0 -1 1 -1 1 1 
0 -1 1 -1 1 1 -1 -1 
0 0 0 -1 1 1 -1 1 
0 -1 0 -1 1 1 1 -1 
-1 1 0 -1 1 1 1 1 
1 -1 0 1 -1 -1 -1 -1 
0 1 0 1 -1 -1 -1 1 
0 0 0 1 -1 -1 1 -1 
0 1 -1 1 -1 -1 1 1 
0 0 0 1 -1 1 -1 -1 
-1 -1 1 1 -1 1 -1 1 
0 0 0 1 -1 1 1 -1 
0 0 0 1 -1 1 1 1 
-1 1 1 1 1 -1 -1 -1 
0 0 0 1 1 -1 -1 1 
-1 -1 -1 1 1 -1 1 -1 
1 -1 1 1 1 -1 1 1 
0 0 -1 1 1 1 -1 -1 
1 0 -1 1 1 1 -1 1 
1 1 1 1 1 1 1 -1 
-1 0 0 1 1 1 1 1 
3,32,16,20,6,Optimal,4.12923,params-27.txt,oas/oa-32-6-1
-1 -1 -1 -1 -1 -1 -1 -1 -1 
0 1 1 -1 -1 -1 -1 1 1 
0 0 1 -1 -1 -1 1 -1 1 
0 0 0 -1 -1 -1 1 1 -1 
0 0 0 -1 -1 1 -1 -1 1 
-1 0 0 -1 -1 1 -1 1 -1 
1 1 0 -1 -1 1 1 -1 -1 
1 -1 -1 -1 -1 1 1 1 1 
0 0 0 -1 1 -1 -1 -1 1 
1 1 -1 -1 1 -1 -1 1 -1 
0 0 0 -1 1 -1 1 -1 -1 
0 -1 0 -1 1 -1 1 1 1 
1 -1 1 -1 1 1 -1 -1 -1 
0 0 0 -1 1 1 -1 1 1 
-1 1 -1 -1 1 1 1 -1 1 
-1 0 1 -1 1 1 1 1 -1 
1 0 -1 1 -1 -1 -1 -1 1 
1 -1 1 1 -1 -1 -1 1 -1 
0 0 0 1 -1 -1 1 -1 -1 
-1 1 -1 1 -1 -1 1 1 1 
0 1 0 1 -1 1 -1 -1 -1 
0 0 0 1 -1 1 -1 1 1 
-1 -1 1 1 -1 1 1 -1 1 
0 0 0 1 -1 1 1 1 -1 
-1 1 1 1 1 -1 -1 -1 -1 
-1 -1 0 1 1 -1 -1 1 1 
1 0 0 1 1 -1 1 -1 1 
0 0 0 1 1 -1 1 1 -1 
0 0 0 1 1 1 -1 -1 1 
0 0 -1 1 1 1 -1 1 -1 
0 -1 -1 1 1 1 1 -1 -1 
1 1 1 1 1 1 1 1 1 
3,32,12,20,5,Optimal,402.753,params-26.txt,oas/oa-32-5-1
1 -1 1 -1 -1 -1 -1 -1 
-1 1 0 -1 -1 -1 -1 1 
1 1 0 -1 -1 -1 1 -1 
0 0 -1 -1 -1 -1 1 1 
-1 0 0 -1 -1 1 -1 -1 
0 1 0 -1 -1 1 -1 1 
0 -1 1 -1 -1 1 1 -1 
0 -1 -1 -1 -1 1 1 1 
1 0 -1 -1 1 -1 -1 -1 
0 0 1 -1 1 -1 -1 1 
-1 0 -1 -1 1 -1 1 -1 
-1 -1 1 -1 1 -1 1 1 
-1 0 0 -1 1 1 -1 -1 
1 -1 -1 -1 1 1 -1 1 
0 1 0 -1 1 1 1 -1 
1 1 1 -1 1 1 1 1 
-1 -1 -1 1 -1 -1 -1 -1 
0 -1 0 1 -1 -1 -1 1 
-1 1 1 1 -1 -1 1 -1 
1 0 0 1 -1 -1 1 1 
1 1 -1 1 -1 1 -1 -1 
1 0 1 1 -1 1 -1 1 
0 0 -1 1 -1 1 1 -1 
-1 0 1 1 -1 1 1 1 
0 1 1 1 1 -1 -1 -1 
0 1 -1 1 1 -1 -1 1 
0 -1 0 1 1 -1 1 -1 
1 0 0 1 1 -1 1 1 
0 0 1 1 1 1 -1 -1 
-1 -1 0 1 1 1 -1 1 
1 -1 0 1 1 1 1 -1 
-1 1 -1 1 1 1 1 1 
3,32,16,24,4,Optimal,2.62564,params-28.txt,oas/oa-32-4-1
1 -1 -1 -1 -1 -1 -1 
0 0 1 -1 -1 -1 -1 
-1 -1 -1 -1 -1 -1 1 
0 0 1 -1 -1 -1 1 
1 0 0 -1 -1 1 -1 
-1 1 -1 -1 -1 1 -1 
0 1 0 -1 -1 1 1 
0 0 1 -1 -1 1 1 
-1 0 0 -1 1 -1 -1 
0 0 1 -1 1 -1 -1 
0 1 0 -1 1 -1 1 
1 1 -1 -1 1 -1 1 
-1 0 0 -1 1 1 -1 
1 0 0 -1 1 1 -1 
0 -1 0 -1 1 1 1 
0 -1 0 -1 1 1 1 
0 1 0 1 -1 -1 -1 
0 1 0 1 -1 -1 -1 
-1 0 0 1 -1 -1 1 
1 0 0 1 -1 -1 1 
-1 -1 1 1 -1 1 -1 
0 -1 0 1 -1 1 -1 
1 0 0 1 -1 1 1 
0 0 -1 1 -1 1 1 
0 -1 0 1 1 -1 -1 
0 0 -1 1 1 -1 -1 
-1 0 0 1 1 -1 1 
1 -1 1 1 1 -1 1 
1 1 1 1 1 1 -1 
0 0 -1 1 1 1 -1 
0 0 -1 1 1 1 1 
-1 1 1 1 1 1 1 
3,32,16,24,5,Optimal,3.55457,params-28.txt,oas/oa-32-5-1
0 -1 0 -1 -1 -1 -1 -1 
-1 0 0 -1 -1 -1 -1 1 
1 1 1 -1 -1 -1 1 -1 
0 0 -1 -1 -1 -1 1 1 
-1 1 -1 -1 -1 1 -1 -1 
0 0 1 -1 -1 1 -1 1 
0 -1 0 -1 -1 1 1 -1 
1 0 0 -1 -1 1 1 1 
1 -1 0 -1 1 -1 -1 -1 
0 0 0 -1 1 -1 -1 1 
-1 0 0 -1 1 -1 1 -1 
0 1 0 -1 1 -1 1 1 
0 1 1 -1 1 1 -1 -1 
1 0 -1 -1 1 1 -1 1 
0 0 -1 -1 1 1 1 -1 
-1 -1 1 -1 1 1 1 1 
1 1 -1 1 -1 -1 -1 -1 
0 0 1 1 -1 -1 -1 1 
-1 0 1 1 -1 -1 1 -1 
0 -1 -1 1 -1 -1 1 1 
0 -1 0 1 -1 1 -1 -1 
1 0 0 1 -1 1 -1 1 
0 0 0 1 -1 1 1 -1 
-1 1 0 1 -1 1 1 1 
-1 0 0 1 1 -1 -1 -1 
0 1 0 1 1 -1 -1 1 
0 0 -1 1 1 -1 1 -1 
1 -1 1 1 1 -1 1 1 
0 0 1 1 1 1 -1 -1 
-1 -1 -1 1 1 1 -1 1 
1 0 0 1 1 1 1 -1 
0 1 0 1 1 1 1 1 
3,32,16,24,6,Optimal,5.24981,params-28.txt,oas/oa-32-6-1
0 0 -1 -1 -1 -1 -1 -1 -1 
1 -1 0 -1 -1 -1 -1 1 1 
0 -1 0 -1 -1 -1 1 -1 1 
-1 0 1 -1 -1 -1 1 1 -1 
0 1 1 -1 -1 1 -1 -1 1 
0 0 0 -1 -1 1 -1 1 -1 
-1 0 0 -1 -1 1 1 -1 -1 
1 1 -1 -1 -1 1 1 1 1 
0 0 1 -1 1 -1 -1 -1 1 
0 1 0 -1 1 -1 -1 1 -1 
1 1 0 -1 1 -1 1 -1 -1 
-1 0 -1 -1 1 -1 1 1 1 
0 -1 -1 -1 1 1 -1 -1 -1 
-1 0 0 -1 1 1 -1 1 1 
0 0 0 -1 1 1 1 -1 1 
1 -1 1 -1 1 1 1 1 -1 
-1 1 -1 1 -1 -1 -1 -1 1 
0 0 0 1 -1 -1 -1 1 -1 
1 0 0 1 -1 -1 1 -1 -1 
0 1 1 1 -1 -1 1 1 1 
1 0 1 1 -1 1 -1 -1 -1 
-1 -1 0 1 -1 1 -1 1 1 
0 -1 0 1 -1 1 1 -1 1 
0 0 -1 1 -1 1 1 1 -1 
-1 -1 1 1 1 -1 -1 -1 -1 
1 0 0 1 1 -1 -1 1 1 
0 0 0 1 1 -1 1 -1 1 
0 -1 -1 1 1 -1 1 1 -1 
1 0 -1 1 1 1 -1 -1 1 
0 1 0 1 1 1 -1 1 -1 
-1 1 0 1 1 1 1 -1 -1 
0 0 1 1 1 1 1 1 1 
3,32,20,24,4,Optimal,2.90263,params-29.txt,oas/oa-32-4-1
-1 -1 0 -1 -1 -1 -1 
0 0 0 -1 -1 -1 -1 
1 1 -1 -1 -1 -1 1 
1 -1 1 -1 -1 -1 1 
0 0 -1 -1 -1 1 -1 
0 0 0 -1 -1 1 -1 
-1 1 1 -1 -1 1 1 
0 0 0 -1 -1 1 1 
0 1 0 -1 1 -1 -1 
0 0 0 -1 1 -1 -1 
-1 0 0 -1 1 -1 1 
0 0 0 -1 1 -1 1 
1 0 1 -1 1 1 -1 
0 0 0 -1 1 1 -1 
0 -1 -1 -1 1 1 1 
0 0 0 -1 1 1 1 
0 1 1 1 -1 -1 -1 
0 0 0 1 -1 -1 -1 
-1 0 -1 1 -1 -1 1 
0 0 0 1 -1 -1 1 
1 0 0 1 -1 1 -1 
0 0 0 1 -1 1 -1 
0 0 0 1 -1 1 1 
0 -1 0 1 -1 1 1 
0 0 0 1 1 -1 -1 
1 -1 -1 1 1 -1 -1 
0 0 0 1 1 -1 1 
0 0 1 1 1 -1 1 
-1 -1 1 1 1 1 -1 
-1 1 -1 1 1 1 -1 
0 0 0 1 1 1 1 
1 1 0 1 1 1 1 
3,32,20,24,5,Optimal,3.11811,params-29.txt,oas/oa-32-5-1
0 0 0 -1 -1 -1 -1 -1 
0 0 0 -1 -1 -1 -1 1 
0 0 0 -1 -1 -1 1 -1 
-1 0 1 -1 -1 -1 1 1 
0 -1 0 -1 -1 1 -1 -1 
0 0 0 -1 -1 1 -1 1 
0 0 0 -1 -1 1 1 -1 
1 1 -1 -1 -1 1 1 1 
-1 1 -1 -1 1 -1 -1 -1 
1 0 0 -1 1 -1 -1 1 
1 -1 0 -1 1 -1 1 -1 
0 0 0 -1 1 -1 1 1 
0 0 0 -1 1 1 -1 -1 
0 0 1 -1 1 1 -1 1 
0 1 1 -1 1 1 1 -1 
-1 -1 -1 -1 1 1 1 1 
1 1 1 1 -1 -1 -1 -1 
0 -1 -1 1 -1 -1 -1 1 
0 0 -1 1 -1 -1 1 -1 
0 0 0 1 -1 -1 1 1 
0 0 0 1 -1 1 -1 -1 
-1 1 0 1 -1 1 -1 1 
-1 0 0 1 -1 1 1 -1 
1 -1 1 1 -1 1 1 1 
-1 -1 1 1 1 -1 -1 -1 
0 0 0 1 1 -1 -1 1 
0 0 0 1 1 -1 1 -1 
0 1 0 1 1 -1 1 1 
1 0 -1 1 1 1 -1 -1 
0 0 0 1 1 1 -1 1 
0 0 0 1 1 1 1 -1 
0 0 0 1 1 1 1 1 
3,32,20,24,6,Optimal,3.37155,params-29.txt,oas/oa-32-6-1
0 0 1 -1 -1 -1 -1 -1 -1 
-1 -1 -1 -1 -1 -1 -1 1 1 
0 0 0 -1 -1 -1 1 -1 1 
0 1 0 -1 -1 -1 1 1 -1 
0 0 0 -1 -1 1 -1 -1 1 
1 0 0 -1 -1 1 -1 1 -1 
0 0 0 -1 -1 1 1 -1 -1 
0 0 0 -1 -1 1 1 1 1 
1 1 -1 -1 1 -1 -1 -1 1 
0 0 0 -1 1 -1 -1 1 -1 
-1 0 0 -1 1 -1 1 -1 -1 
1 -1 1 -1 1 -1 1 1 1 
0 -1 0 -1 1 1 -1 -1 -1 
-1 1 1 -1 1 1 -1 1 1 
0 0 0 -1 1 1 1 -1 1 
0 0 -1 -1 1 1 1 1 -1 
0 0 1 1 -1 -1 -1 -1 1 
0 0 0 1 -1 -1 -1 1 -1 
1 -1 -1 1 -1 -1 1 -1 -1 
0 1 0 1 -1 -1 1 1 1 
-1 1 -1 1 -1 1 -1 -1 -1 
1 0 0 1 -1 1 -1 1 1 
0 0 0 1 -1 1 1 -1 1 
-1 -1 1 1 -1 1 1 1 -1 
0 0 0 1 1 -1 -1 -1 -1 
0 0 0 1 1 -1 -1 1 1 
-1 0 0 1 1 -1 1 -1 1 
0 0 0 1 1 -1 1 1 -1 
0 -1 0 1 1 1 -1 -1 1 
0 0 0 1 1 1 -1 1 -1 
1 1 1 1 1 1 1 -1 -1 
0 0 -1 1 1 1 1 1 1 
3,32,20,28,4,Optimal,2.60494,params-30.txt,oas/oa-32-4-1
-1 -1 0 -1 -1 -1 -1 
1 0 0 -1 -1 -1 -1 
0 1 0 -1 -1 -1 1 
0 -1 0 -1 -1 -1 1 
-1 0 0 -1 -1 1 -1 
1 0 1 -1 -1 1 -1 
0 1 -1 -1 -1 1 1 
0 0 0 -1 -1 1 1 
0 0 -1 -1 1 -1 -1 
0 1 1 -1 1 -1 -1 
0 0 0 -1 1 -1 1 
0 0 0 -1 1 -1 1 
0 0 0 -1 1 1 -1 
0 0 -1 -1 1 1 -1 
-1 0 1 -1 1 1 1 
1 -1 0 -1 1 1 1 
1 0 -1 1 -1 -1 -1 
-1 1 0 1 -1 -1 -1 
0 0 0 1 -1 -1 1 
0 0 1 1 -1 -1 1 
0 0 0 1 -1 1 -1 
0 0 0 1 -1 1 -1 
0 0 1 1 -1 1 1 
0 -1 -1 1 -1 1 1 
0 0 0 1 1 -1 -1 
0 -1 1 1 1 -1 -1 
-1 0 -1 1 1 -1 1 
1 0 0 1 1 -1 1 
0 -1 0 1 1 1 -1 
0 1 0 1 1 1 -1 
1 1 0 1 1 1 1 
-1 0 0 1 1 1 1 
3,32,20,28,5,Optimal,4.29869,params-30.txt,oas/oa-32-5-1
1 0 0 -1 -1 -1 -1 -1 
-1 -1 -1 -1 -1 -1 -1 1 
1 -1 0 -1 -1 -1 1 -1 
0 1 0 -1 -1 -1 1 1 
0 0 1 -1 -1 1 -1 -1 
0 1 0 -1 -1 1 -1 1 
-1 0 0 -1 -1 1 1 -1 
0 0 0 -1 -1 1 1 1 
-1 0 1 -1 1 -1 -1 -1 
0 0 0 -1 1 -1 -1 1 
0 1 0 -1 1 -1 1 -1 
0 0 0 -1 1 -1 1 1 
0 0 -1 -1 1 1 -1 -1 
1 0 0 -1 1 1 -1 1 
0 0 -1 -1 1 1 1 -1 
0 -1 1 -1 1 1 1 1 
0 1 -1 1 -1 -1 -1 -1 
0 0 1 1 -1 -1 -1 1 
-1 0 0 1 -1 -1 1 -1 
0 0 1 1 -1 -1 1 1 
0 0 0 1 -1 1 -1 -1 
0 -1 0 1 -1 1 -1 1 
0 0 0 1 -1 1 1 -1 
1 0 -1 1 -1 1 1 1 
0 0 0 1 1 -1 -1 -1 
1 0 0 1 1 -1 -1 1 
0 -1 0 1 1 -1 1 -1 
0 0 -1 1 1 -1 1 1 
0 -1 0 1 1 1 -1 -1 
-1 1 0 1 1 1 -1 1 
1 1 1 1 1 1 1 -1 
-1 0 0 1 1 1 1 1 
4,24,8,12,4,Optimal,9.15109,params-33.txt,oas/oa-24-4-1
-1 -1 -1 -1 -1 -1 -1 -1 
0 0 0 0 -1 -1 -1 -1 
1 0 1 0 -1 -1 -1 1 
-1 1 1 1 -1 -1 1 -1 
1 -1 -1 1 -1 -1 1 1 
0 1 0 -1 -1 -1 1 1 
1 1 0 0 -1 1 -1 -1 
-1 -1 1 1 -1 1 -1 1 
0 1 -1 0 -1 1 -1 1 
1 -1 1 -1 -1 1 1 -1 
0 0 -1 1 -1 1 1 -1 
-1 0 0 -1 -1 1 1 1 
1 0 0 1 1 -1 -1 -1 
0 0 1 -1 1 -1 -1 1 
-1 1 -1 1 1 -1 -1 1 
1 1 -1 -1 1 -1 1 -1 
0 -1 1 0 1 -1 1 -1 
-1 -1 0 0 1 -1 1 1 
0 -1 0 1 1 1 -1 -1 
-1 1 1 -1 1 1 -1 -1 
1 -1 -1 -1 1 1 -1 1 
-1 0 -1 0 1 1 1 -1 
0 0 0 0 1 1 1 1 
1 1 1 1 1 1 1 1 
4,24,12,16,4,Optimal,5.14078,params-35.txt,oas/oa-24-4-1
1 1 1 1 -1 -1 -1 -1 
1 -1 -1 -1 -1 -1 -1 -1 
-1 -1 1 0 -1 -1 -1 1 
-1 0 -1 1 -1 -1 1 -1 
0 0 0 0 -1 -1 1 1 
0 1 0 -1 -1 -1 1 1 
-1 0 0 0 -1 1 -1 -1 
0 0 0 0 -1 1 -1 1 
0 1 -1 0 -1 1 -1 1 
0 0 1 -1 -1 1 1 -1 
0 0 0 0 -1 1 1 -1 
1 -1 0 1 -1 1 1 1 
-1 1 0 -1 1 -1 -1 -1 
0 0 -1 1 1 -1 -1 1 
0 0 0 0 1 -1 -1 1 
0 -1 1 0 1 -1 1 -1 
0 0 0 0 1 -1 1 -1 
1 0 0 0 1 -1 1 1 
0 0 0 0 1 1 -1 -1 
0 -1 0 1 1 1 -1 -1 
1 0 1 -1 1 1 -1 1 
1 1 -1 0 1 1 1 -1 
-1 1 1 1 1 1 1 1 
-1 -1 -1 -1 1 1 1 1 
3,32,20,28,6,Optimal,423.366,params-30.txt,oas/oa-32-6-1
-1 -1 1 -1 -1 -1 -1 -1 -1 
0 0 -1 -1 -1 -1 -1 1 1 
0 0 -1 -1 -1 -1 1 -1 1 
0 0 0 -1 -1 -1 1 1 -1 
0 1 1 -1 -1 1 -1 -1 1 
1 0 0 -1 -1 1 -1 1 -1 
1 0 0 -1 -1 1 1 -1 -1 
-1 0 0 -1 -1 1 1 1 1 
0 1 0 -1 1 -1 -1 -1 1 
0 0 0 -1 1 -1 -1 1 -1 
0 0 0 -1 1 -1 1 -1 -1 
1 0 1 -1 1 -1 1 1 1 
0 0 -1 -1 1 1 -1 -1 -1 
0 -1 0 -1 1 1 -1 1 1 
0 -1 0 -1 1 1 1 -1 1 
-1 1 0 -1 1 1 1 1 -1 
1 -1 0 1 -1 -1 -1 -1 1 
0 1 0 1 -1 -1 -1 1 -1 
0 1 0 1 -1 -1 1 -1 -1 
0 0 1 1 -1 -1 1 1 1 
-1 0 -1 1 -1 1 -1 -1 -1 
0 0 0 1 -1 1 -1 1 1 
0 0 0 1 -1 1 1 -1 1 
0 -1 0 1 -1 1 1 1 -1 
1 0 0 1 1 -1 -1 -1 -1 
-1 0 0 1 1 -1 -1 1 1 
-1 0 0 1 1 -1 1 -1 1 
0 -1 -1 1 1 -1 1 1 -1 
0 0 0 1 1 1 -1 -1 1 
0 0 1 1 1 1 -1 1 -1 
0 0 1 1 1 1 1 -1 -1 
1 1 -1 1 1 1 1 1 1 
4,24,4,8,4,Optimal,452.858,params-32.txt,oas/oa-24-4-1
0 -1 1 1 -1 -1 -1 -1 
0 -1 -1 -1 -1 -1 -1 -1 
-1 1 1 1 -1 -1 -1 1 
1 1 1 -1 -1 -1 1 -1 
1 -1 -1 0 -1 -1 1 1 
-1 1 -1 0 -1 -1 1 1 
1 1 -1 1 -1 1 -1 -1 
1 1 0 -1 -1 1 -1 1 
-1 -1 0 -1 -1 1 -1 1 
-1 0 1 -1 -1 1 1 -1 
-1 0 -1 1 -1 1 1 -1 
1 -1 1 1 -1 1 1 1 
-1 1 -1 -1 1 -1 -1 -1 
1 0 -1 1 1 -1 -1 1 
1 0 1 -1 1 -1 -1 1 
1 1 0 1 1 -1 1 -1 
-1 -1 0 1 1 -1 1 -1 
-1 -1 1 -1 1 -1 1 1 
-1 1 1 0 1 1 -1 -1 
1 -1 1 0 1 1 -1 -1 
-1 -1 -1 1 1 1 -1 1 
1 -1 -1 -1 1 1 1 -1 
0 1 -1 -1 1 1 1 1 
0 1 1 1 1 1 1 1 
4,32,8,16,4,Optimal,9.85378,params-39.txt,oas/oa-32-4-1
1 0 -1 1 -1 -1 -1 -1 
-1 -1 1 0 -1 -1 -1 -1 
0 1 -1 -1 -1 -1 -1 1 
0 1 1 -1 -1 -1 -1 1 
-1 1 1 0 -1 -1 1 -1 
1 0 -1 1 -1 -1 1 -1 
1 -1 0 -1 -1 -1 1 1 
-1 -1 0 1 -1 -1 1 1 
1 -1 1 0 -1 1 -1 -1 
-1 0 -1 -1 -1 1 -1 -1 
-1 -1 0 1 -1 1 -1 1 
1 1 0 1 -1 1 -1 1 
1 0 1 -1 -1 1 1 -1 
-1 1 -1 0 -1 1 1 -1 
0 -1 -1 -1 -1 1 1 1 
0 1 1 1 -1 1 1 1 
0 -1 -1 -1 1 -1 -1 -1 
0 1 1 1 1 -1 -1 -1 
1 -1 1 0 1 -1 -1 1 
-1 0 -1 1 1 -1 -1 1 
-1 -1 0 -1 1 -1 1 -1 
1 1 0 -1 1 -1 1 -1 
-1 1 -1 0 1 -1 1 1 
1 0 1 1 1 -1 1 1 
-1 1 0 1 1 1 -1 -1 
1 1 0 -1 1 1 -1 -1 
1 -1 -1 0 1 1 -1 1 
-1 0 1 -1 1 1 -1 1 
0 -1 -1 1 1 1 1 -1 
0 -1 1 1 1 1 1 -1 
-1 0 1 -1 1 1 1 1 
1 1 -1 0 1 1 1 1 
4,32,4,8,4,Optimal,458.267,params-37.txt,oas/oa-32-4-1
-1 -1 1 -1 -1 -1 -1 -1 
1 1 1 1 -1 -1 -1 -1 
0 -1 -1 1 -1 -1 -1 1 
0 -1 -1 1 -1 -1 -1 1 
-1 1 -1 0 -1 -1 1 -1 
-1 1 -1 0 -1 -1 1 -1 
1 0 1 -1 -1 -1 1 1 
1 0 1 -1 -1 -1 1 1 
1 1 -1 -1 -1 1 -1 -1 
-1 -1 1 -1 -1 1 -1 -1 
1 1 -1 -1 -1 1 -1 1 
-1 1 1 1 -1 1 -1 1 
1 -1 0 1 -1 1 1 -1 
1 -1 0 1 -1 1 1 -1 
-1 -1 -1 -1 -1 1 1 1 
-1 1 1 1 -1 1 1 1 
1 -1 -1 -1 1 -1 -1 -1 
1 1 1 1 1 -1 -1 -1 
-1 1 0 -1 1 -1 -1 1 
-1 1 0 -1 1 -1 -1 1 
-1 -1 1 1 1 -1 1 -1 
1 -1 -1 -1 1 -1 1 -1 
-1 -1 1 1 1 -1 1 1 
1 1 -1 1 1 -1 1 1 
-1 0 -1 1 1 1 -1 -1 
-1 0 -1 1 1 1 -1 -1 
1 -1 1 0 1 1 -1 1 
1 -1 1 0 1 1 -1 1 
0 1 1 -1 1 1 1 -1 
0 1 1 -1 1 1 1 -1 
-1 -1 -1 -1 1 1 1 1 
1 1 -1 1 1 1 1 1 
4,32,12,16,4,Optimal,8.63189,params-40.txt,oas/oa-32-4-1
1 1 -1 -1 -1 -1 -1 -1 
-1 -1 1 -1 -1 -1 -1 -1 
1 -1 1 1 -1 -1 -1 1 
-1 1 -1 1 -1 -1 -1 1 
0 -1 0 0 -1 -1 1 -1 
0 1 0 0 -1 -1 1 -1 
1 0 0 0 -1 -1 1 1 
-1 0 0 0 -1 -1 1 1 
0 0 0 -1 -1 1 -1 -1 
0 0 0 1 -1 1 -1 -1 
0 0 1 0 -1 1 -1 1 
0 0 -1 0 -1 1 -1 1 
-1 1 1 1 -1 1 1 -1 
1 -1 -1 1 -1 1 1 -1 
1 1 1 -1 -1 1 1 1 
-1 -1 -1 -1 -1 1 1 1 
-1 -1 -1 1 1 -1 -1 -1 
1 1 1 1 1 -1 -1 -1 
-1 1 1 -1 1 -1 -1 1 
1 -1 -1 -1 1 -1 -1 1 
0 0 -1 0 1 -1 1 -1 
0 0 1 0 1 -1 1 -1 
0 0 0 1 1 -1 1 1 
0 0 0 -1 1 -1 1 1 
-1 0 0 0 1 1 -1 -1 
1 0 0 0 1 1 -1 -1 
0 1 0 0 1 1 -1 1 
0 -1 0 0 1 1 -1 1 
1 -1 1 -1 1 1 1 -1 
-1 1 -1 -1 1 1 1 -1 
1 1 -1 1 1 1 1 1 
-1 -1 1 1 1 1 1 1 
4,32,8,12,4,Optimal,481.473,params-38.txt,oas/oa-32-4-1
0 0 1 1 -1 -1 -1 -1 
-1 -1 -1 -1 -1 -1 -1 -1 
0 1 0 0 -1 -1 -1 1 
1 1 1 -1 -1 -1 -1 1 
0 -1 1 1 -1 -1 1 -1 
1 -1 -1 -1 -1 -1 1 -1 
-1 1 -1 1 -1 -1 1 1 
0 0 0 0 -1 -1 1 1 
1 0 0 1 -1 1 -1 -1 
-1 1 -1 -1 -1 1 -1 -1 
1 -1 -1 1 -1 1 -1 1 
-1 -1 1 0 -1 1 -1 1 
-1 1 0 1 -1 1 1 -1 
1 1 1 -1 -1 1 1 -1 
-1 -1 1 -1 -1 1 1 1 
1 0 -1 0 -1 1 1 1 
-1 0 1 0 1 -1 -1 -1 
1 1 -1 1 1 -1 -1 -1 
-1 -1 -1 1 1 -1 -1 1 
1 -1 0 -1 1 -1 -1 1 
1 1 -1 0 1 -1 1 -1 
-1 1 1 -1 1 -1 1 -1 
-1 0 0 -1 1 -1 1 1 
1 -1 1 1 1 -1 1 1 
0 0 0 0 1 1 -1 -1 
1 -1 1 -1 1 1 -1 -1 
0 1 -1 -1 1 1 -1 1 
-1 1 1 1 1 1 -1 1 
-1 -1 -1 1 1 1 1 -1 
0 -1 0 0 1 1 1 -1 
1 1 1 1 1 1 1 1 
0 0 -1 -1 1 1 1 1 
4,32,8,16,5,Optimal,464.728,params-39.txt,oas/oa-32-5-1
1 1 1 0 -1 -1 -1 -1 -1 
0 -1 -1 1 -1 -1 -1 -1 1 
-1 0 -1 -1 -1 -1 -1 1 -1 
0 -1 1 1 -1 -1 -1 1 1 
-1 1 0 1 -1 -1 1 -1 -1 
1 1 -1 0 -1 -1 1 -1 1 
1 -1 0 -1 -1 -1 1 1 -1 
-1 0 1 -1 -1 -1 1 1 1 
-1 -1 1 0 -1 1 -1 -1 -1 
0 1 1 -1 -1 1 -1 -1 1 
1 0 -1 1 -1 1 -1 1 -1 
0 1 -1 -1 -1 1 -1 1 1 
1 -1 0 -1 -1 1 1 -1 -1 
-1 -1 -1 0 -1 1 1 -1 1 
-1 1 0 1 -1 1 1 1 -1 
1 0 1 1 -1 1 1 1 1 
-1 0 -1 -1 1 -1 -1 -1 -1 
1 -1 0 -1 1 -1 -1 -1 1 
1 1 1 0 1 -1 -1 1 -1 
-1 1 0 1 1 -1 -1 1 1 
0 -1 1 1 1 -1 1 -1 -1 
-1 0 1 -1 1 -1 1 -1 1 
0 -1 -1 1 1 -1 1 1 -1 
1 1 -1 0 1 -1 1 1 1 
1 0 -1 1 1 1 -1 -1 -1 
-1 1 0 1 1 1 -1 -1 1 
-1 -1 1 0 1 1 -1 1 -1 
1 -1 0 -1 1 1 -1 1 1 
0 1 -1 -1 1 1 1 -1 -1 
1 0 1 1 1 1 1 -1 1 
0 1 1 -1 1 1 1 1 -1 
-1 -1 -1 0 1 1 1 1 1 
4,32,8,16,6,Optimal,611.319,params-39.txt,oas/oa-32-6-1
-1 -1 -1 0 -1 -1 -1 -1 -1 -1 
1 0 -1 1 -1 -1 -1 -1 1 1 
0 -1 1 -1 -1 -1 -1 1 -1 1 
1 1 0 -1 -1 -1 -1 1 1 -1 
0 1 1 1 -1 -1 1 -1 -1 1 
-1 -1 0 -1 -1 -1 1 -1 1 -1 
1 1 -1 0 -1 -1 1 1 -1 -1 
-1 0 1 1 -1 -1 1 1 1 1 
1 0 1 -1 -1 1 -1 -1 -1 1 
-1 1 1 0 -1 1 -1 -1 1 -1 
-1 1 0 1 -1 1 -1 1 -1 -1 
0 -1 -1 1 -1 1 -1 1 1 1 
1 -1 0 1 -1 1 1 -1 -1 -1 
0 1 -1 -1 -1 1 1 -1 1 1 
-1 0 -1 -1 -1 1 1 1 -1 1 
1 -1 1 0 -1 1 1 1 1 -1 
-1 1 -1 0 1 -1 -1 -1 -1 1 
1 0 1 1 1 -1 -1 -1 1 -1 
0 -1 1 1 1 -1 -1 1 -1 -1 
-1 1 0 -1 1 -1 -1 1 1 1 
0 1 1 -1 1 -1 1 -1 -1 -1 
1 -1 0 -1 1 -1 1 -1 1 1 
1 -1 -1 0 1 -1 1 1 -1 1 
-1 0 -1 1 1 -1 1 1 1 -1 
1 0 -1 -1 1 1 -1 -1 -1 -1 
-1 -1 1 0 1 1 -1 -1 1 1 
1 1 0 1 1 1 -1 1 -1 1 
0 -1 -1 -1 1 1 -1 1 1 -1 
-1 -1 0 1 1 1 1 -1 -1 1 
0 1 -1 1 1 1 1 -1 1 -1 
-1 0 1 -1 1 1 1 1 -1 -1 
1 1 1 0 1 1 1 1 1 1 
4,32,12,16,5,Optimal,533.239,params-40.txt,oas/oa-32-5-1
1 -1 -1 1 -1 -1 -1 -1 -1 
0 1 0 0 -1 -1 -1 -1 1 
-1 -1 -1 -1 -1 -1 -1 1 -1 
-1 1 0 1 -1 -1 -1 1 1 
0 0 0 0 -1 -1 1 -1 -1 
0 0 0 -1 -1 -1 1 -1 1 
1 1 1 1 -1 -1 1 1 -1 
0 -1 1 -1 -1 -1 1 1 1 
-1 1 1 -1 -1 1 -1 -1 -1 
1 0 0 0 -1 1 -1 -1 1 
0 0 0 0 -1 1 -1 1 -1 
1 -1 1 0 -1 1 -1 1 1 
-1 -1 1 1 -1 1 1 -1 -1 
0 0 -1 0 -1 1 1 -1 1 
1 1 -1 -1 -1 1 1 1 -1 
-1 0 -1 1 -1 1 1 1 1 
1 0 1 -1 1 -1 -1 -1 -1 
-1 -1 1 1 1 -1 -1 -1 1 
0 0 1 0 1 -1 -1 1 -1 
1 1 -1 -1 1 -1 -1 1 1 
-1 1 -1 0 1 -1 1 -1 -1 
0 0 0 0 1 -1 1 -1 1 
-1 0 0 0 1 -1 1 1 -1 
1 -1 -1 1 1 -1 1 1 1 
0 1 -1 1 1 1 -1 -1 -1 
-1 -1 -1 -1 1 1 -1 -1 1 
0 0 0 1 1 1 -1 1 -1 
0 0 0 0 1 1 -1 1 1 
1 -1 0 -1 1 1 1 -1 -1 
1 1 1 1 1 1 1 -1 1 
0 -1 0 0 1 1 1 1 -1 
-1 1 1 -1 1 1 1 1 1 
4,32,16,20,4,Optimal,7.38179,params-42.txt,oas/oa-32-4-1
0 -1 1 -1 -1 -1 -1 -1 
-1 1 -1 -1 -1 -1 -1 -1 
-1 0 -1 1 -1 -1 -1 1 
1 1 1 1 -1 -1 -1 1 
0 0 0 0 -1 -1 1 -1 
1 0 0 0 -1 -1 1 -1 
0 0 0 0 -1 -1 1 1 
0 -1 0 0 -1 -1 1 1 
0 0 1 0 -1 1 -1 -1 
0 0 0 1 -1 1 -1 -1 
1 -1 -1 -1 -1 1 -1 1 
0 0 0 0 -1 1 -1 1 
-1 -1 0 1 -1 1 1 -1 
1 1 -1 0 -1 1 1 -1 
0 0 0 0 -1 1 1 1 
-1 1 1 -1 -1 1 1 1 
0 0 0 0 1 -1 -1 -1 
1 -1 -1 1 1 -1 -1 -1 
1 1 0 -1 1 -1 -1 1 
-1 -1 1 0 1 -1 -1 1 
-1 1 1 1 1 -1 1 -1 
0 0 0 0 1 -1 1 -1 
0 0 -1 0 1 -1 1 1 
0 0 0 -1 1 -1 1 1 
0 0 0 0 1 1 -1 -1 
0 1 0 0 1 1 -1 -1 
-1 0 0 0 1 1 -1 1 
0 0 0 0 1 1 -1 1 
-1 -1 -1 -1 1 1 1 -1 
1 0 1 -1 1 1 1 -1 
0 1 -1 1 1 1 1 1 
1 -1 1 1 1 1 1 1 
4,32,16,20,5,Optimal,24.2869,params-42.txt,oas/oa-32-5-1
1 1 1 1 -1 -1 -1 -1 -1 
0 0 0 0 -1 -1 -1 -1 1 
-1 0 0 0 -1 -1 -1 1 -1 
0 0 0 0 -1 -1 -1 1 1 
0 0 0 0 -1 -1 1 -1 -1 
0 0 -1 0 -1 -1 1 -1 1 
0 -1 0 0 -1 -1 1 1 -1 
0 0 0 -1 -1 -1 1 1 1 
-1 -1 1 -1 -1 1 -1 -1 -1 
0 -1 -1 1 -1 1 -1 -1 1 
1 1 -1 -1 -1 1 -1 1 -1 
0 0 0 0 -1 1 -1 1 1 
-1 1 -1 0 -1 1 1 -1 -1 
1 0 1 -1 -1 1 1 -1 1 
1 -1 0 1 -1 1 1 1 -1 
-1 1 1 1 -1 1 1 1 1 
1 -1 -1 -1 1 -1 -1 -1 -1 
-1 1 0 -1 1 -1 -1 -1 1 
-1 0 -1 1 1 -1 -1 1 -1 
1 -1 1 0 1 -1 -1 1 1 
0 0 0 0 1 -1 1 -1 -1 
-1 -1 1 1 1 -1 1 -1 1 
0 1 1 -1 1 -1 1 1 -1 
1 1 -1 1 1 -1 1 1 1 
0 0 0 1 1 1 -1 -1 -1 
0 1 0 0 1 1 -1 -1 1 
0 0 1 0 1 1 -1 1 -1 
0 0 0 0 1 1 -1 1 1 
0 0 0 0 1 1 1 -1 -1 
1 0 0 0 1 1 1 -1 1 
0 0 0 0 1 1 1 1 -1 
-1 -1 -1 -1 1 1 1 1 1 
4,32,12,20,4,Optimal,461.653,params-41.txt,oas/oa-32-4-1
  25783 12513        0.1429   160                      0.1429  4819210         
-1 -1 -1 0 -1 -1 -1 -1 
0 -1 1 0 -1 -1 -1 -1 
0 1 1 0 -1 -1 -1 1 
1 0 -1 1 -1 -1 -1 1 
1 0 0 0 -1 -1 1 -1 
-1 1 -1 -1 -1 -1 1 -1 
-1 1 1 1 -1 -1 1 1 
1 -1 0 -1 -1 -1 1 1 
1 1 0 0 -1 1 -1 -1 
0 1 0 -1 -1 1 -1 -1 
-1 -1 1 -1 -1 1 -1 1 
0 0 -1 1 -1 1 -1 1 
0 -1 0 1 -1 1 1 -1 
0 0 1 1 -1 1 1 -1 
1 0 0 -1 -1 1 1 1 
-1 0 -1 0 -1 1 1 1 
-1 0 0 1 1 -1 -1 -1 
1 0 1 0 1 -1 -1 -1 
0 1 0 -1 1 -1 -1 1 
0 0 -1 -1 1 -1 -1 1 
0 0 1 -1 1 -1 1 -1 
1 1 -1 1 1 -1 1 -1 
-1 -1 0 0 1 -1 1 1 
0 -1 0 1 1 -1 1 1 
-1 1 0 1 1 1 -1 -1 
1 -1 -1 -1 1 1 -1 -1 
-1 0 0 0 1 1 -1 1 
1 -1 1 1 1 1 -1 1 
-1 0 1 -1 1 1 1 -1 
0 -1 -1 0 1 1 1 -1 
1 1 1 0 1 1 1 1 
4,32,12,20,5,Optimal,486.868,params-41.txt,oas/oa-32-5-1
-1 -1 0 1 -1 -1 -1 -1 -1 
1 1 -1 0 -1 -1 -1 -1 1 
0 1 0 0 -1 -1 -1 1 -1 
1 0 0 0 -1 -1 -1 1 1 
1 -1 -1 -1 -1 -1 1 -1 -1 
-1 0 0 1 -1 -1 1 -1 1 
0 -1 1 0 -1 -1 1 1 -1 
-1 1 1 -1 -1 -1 1 1 1 
-1 1 0 -1 -1 1 -1 -1 -1 
0 -1 1 -1 -1 1 -1 -1 1 
1 0 1 1 -1 1 -1 1 -1 
-1 -1 -1 0 -1 1 -1 1 1 
0 1 0 1 -1 1 1 -1 -1 
1 0 1 0 -1 1 1 -1 1 
0 0 -1 -1 -1 1 1 1 -1 
0 0 -1 1 -1 1 1 1 1 
0 0 1 -1 1 -1 -1 -1 -1 
0 0 1 1 1 -1 -1 -1 1 
-1 0 -1 0 1 -1 -1 1 -1 
0 -1 0 -1 1 -1 -1 1 1 
1 1 1 0 1 -1 1 -1 -1 
-1 0 -1 -1 1 -1 1 -1 1 
0 1 -1 1 1 -1 1 1 -1 
1 -1 0 1 1 -1 1 1 1 
1 -1 -1 1 1 1 -1 -1 -1 
0 1 -1 0 1 1 -1 -1 1 
1 0 0 -1 1 1 -1 1 -1 
-1 1 1 1 1 1 -1 1 1 
-1 0 0 0 1 1 1 -1 -1 
0 -1 0 0 1 1 1 -1 1 
-1 -1 1 0 1 1 1 1 -1 
1 1 0 -1 1 1 1 1 1 
4,32,16,24,4,Optimal,431.397,params-43.txt,oas/oa-32-4-1
-1 1 -1 1 -1 -1 -1 -1 
1 0 0 0 -1 -1 -1 -1 
1 0 1 0 -1 -1 -1 1 
-1 -1 0 1 -1 -1 -1 1 
0 0 0 -1 -1 -1 1 -1 
0 -1 1 0 -1 -1 1 -1 
0 1 0 0 -1 -1 1 1 
0 0 -1 -1 -1 -1 1 1 
0 0 0 -1 -1 1 -1 -1 
0 1 1 0 -1 1 -1 -1 
0 0 -1 -1 -1 1 -1 1 
0 -1 0 0 -1 1 -1 1 
-1 0 0 0 -1 1 1 -1 
1 -1 -1 1 -1 1 1 -1 
-1 0 1 0 -1 1 1 1 
1 1 0 1 -1 1 1 1 
1 0 -1 0 1 -1 -1 -1 
-1 -1 0 -1 1 -1 -1 -1 
1 0 0 0 1 -1 -1 1 
-1 1 1 -1 1 -1 -1 1 
0 1 0 0 1 -1 1 -1 
0 0 1 1 1 -1 1 -1 
0 0 0 1 1 -1 1 1 
0 -1 -1 0 1 -1 1 1 
0 0 1 1 1 1 -1 -1 
0 -1 0 0 1 1 -1 -1 
0 1 -1 0 1 1 -1 1 
0 0 0 1 1 1 -1 1 
-1 0 -1 0 1 1 1 -1 
1 1 0 -1 1 1 1 -1 
1 -1 1 -1 1 1 1 1 
-1 0 0 0 1 1 1 1 
4,32,16,24,5,Optimal,478.474,params-43.txt,oas/oa-32-5-1
0 0 0 -1 -1 -1 -1 -1 -1 
0 -1 -1 0 -1 -1 -1 -1 1 
1 0 1 -1 -1 -1 -1 1 -1 
-1 1 0 0 -1 -1 -1 1 1 
-1 -1 1 1 -1 -1 1 -1 -1 
1 0 0 0 -1 -1 1 -1 1 
0 0 -1 0 -1 -1 1 1 -1 
0 1 0 1 -1 -1 1 1 1 
0 1 0 1 -1 1 -1 -1 -1 
0 0 -1 0 -1 1 -1 -1 1 
-1 0 0 0 -1 1 -1 1 -1 
1 -1 1 1 -1 1 -1 1 1 
1 1 0 0 -1 1 1 -1 -1 
-1 0 1 -1 -1 1 1 -1 1 
0 -1 -1 0 -1 1 1 1 -1 
0 0 0 -1 -1 1 1 1 1 
0 0 0 1 1 -1 -1 -1 -1 
0 1 1 0 1 -1 -1 -1 1 
1 0 -1 1 1 -1 -1 1 -1 
-1 -1 0 0 1 -1 -1 1 1 
-1 1 -1 -1 1 -1 1 -1 -1 
1 0 0 0 1 -1 1 -1 1 
0 0 1 0 1 -1 1 1 -1 
0 -1 0 -1 1 -1 1 1 1 
0 -1 0 -1 1 1 -1 -1 -1 
0 0 1 0 1 1 -1 -1 1 
-1 0 0 0 1 1 -1 1 -1 
1 1 -1 -1 1 1 -1 1 1 
1 -1 0 0 1 1 1 -1 -1 
-1 0 -1 1 1 1 1 -1 1 
0 1 1 0 1 1 1 1 -1 
0 0 0 1 1 1 1 1 1 
4,32,16,24,6,Optimal,508.521,params-43.txt,oas/oa-32-6-1
1 1 -1 -1 -1 -1 -1 -1 -1 -1 
0 0 1 0 -1 -1 -1 -1 1 1 
-1 -1 -1 -1 -1 -1 -1 1 -1 1 
0 0 0 1 -1 -1 -1 1 1 -1 
-1 0 0 1 -1 -1 1 -1 -1 1 
0 -1 0 0 -1 -1 1 -1 1 -1 
0 1 1 0 -1 -1 1 1 -1 -1 
1 0 0 0 -1 -1 1 1 1 1 
0 0 0 1 -1 1 -1 -1 -1 1 
-1 1 0 0 -1 1 -1 -1 1 -1 
1 -1 0 1 -1 1 -1 1 -1 -1 
0 0 1 -1 -1 1 -1 1 1 1 
0 -1 1 -1 -1 1 1 -1 -1 -1 
1 0 -1 0 -1 1 1 -1 1 1 
0 1 0 0 -1 1 1 1 -1 1 
-1 0 -1 0 -1 1 1 1 1 -1 
1 0 1 0 1 -1 -1 -1 -1 1 
0 -1 0 0 1 -1 -1 -1 1 -1 
-1 0 1 0 1 -1 -1 1 -1 -1 
0 1 -1 1 1 -1 -1 1 1 1 
0 0 -1 1 1 -1 1 -1 -1 -1 
-1 1 0 -1 1 -1 1 -1 1 1 
1 -1 0 0 1 -1 1 1 -1 1 
0 0 0 -1 1 -1 1 1 1 -1 
-1 0 0 0 1 1 -1 -1 -1 -1 
0 -1 -1 0 1 1 -1 -1 1 1 
0 1 0 0 1 1 -1 1 -1 1 
1 0 0 -1 1 1 -1 1 1 -1 
0 0 0 -1 1 1 1 -1 -1 1 
1 1 1 1 1 1 1 -1 1 -1 
0 0 -1 0 1 1 1 1 -1 -1 
-1 -1 1 1 1 1 1 1 1 1 
4,32,20,24,4,Optimal,7.38432,params-44.txt,oas/oa-32-4-1
0 0 0 0 -1 -1 -1 -1 
0 0 0 0 -1 -1 -1 -1 
0 0 0 0 -1 -1 -1 1 
0 0 1 0 -1 -1 -1 1 
0 0 0 0 -1 -1 1 -1 
0 -1 -1 1 -1 -1 1 -1 
1 1 -1 -1 -1 -1 1 1 
-1 0 1 0 -1 -1 1 1 
0 1 0 0 -1 1 -1 -1 
0 0 0 0 -1 1 -1 -1 
-1 -1 -1 -1 -1 1 -1 1 
1 0 0 1 -1 1 -1 1 
-1 1 0 0 -1 1 1 -1 
1 -1 1 -1 -1 1 1 -1 
0 0 0 0 -1 1 1 1 
0 0 0 1 -1 1 1 1 
0 0 0 -1 1 -1 -1 -1 
0 0 0 0 1 -1 -1 -1 
-1 1 -1 1 1 -1 -1 1 
1 -1 0 0 1 -1 -1 1 
1 1 1 1 1 -1 1 -1 
-1 0 0 -1 1 -1 1 -1 
0 -1 0 0 1 -1 1 1 
0 0 0 0 1 -1 1 1 
-1 -1 1 1 1 1 -1 -1 
1 0 -1 0 1 1 -1 -1 
0 1 1 -1 1 1 -1 1 
0 0 0 0 1 1 -1 1 
0 0 -1 0 1 1 1 -1 
0 0 0 0 1 1 1 -1 
0 0 0 0 1 1 1 1 
0 0 0 0 1 1 1 1 
4,32,20,28,4,Optimal,8.66702,params-45.txt,oas/oa-32-4-1
0 0 1 1 -1 -1 -1 -1 
0 0 0 0 -1 -1 -1 -1 
0 -1 0 -1 -1 -1 -1 1 
0 0 0 0 -1 -1 -1 1 
0 -1 -1 0 -1 -1 1 -1 
1 1 0 0 -1 -1 1 -1 
0 0 0 0 -1 -1 1 1 
-1 1 0 0 -1 -1 1 1 
0 1 0 -1 -1 1 -1 -1 
-1 0 -1 1 -1 1 -1 -1 
0 0 1 0 -1 1 -1 1 
1 0 -1 0 -1 1 -1 1 
0 0 0 -1 -1 1 1 -1 
0 -1 1 0 -1 1 1 -1 
-1 0 0 0 -1 1 1 1 
1 0 0 1 -1 1 1 1 
1 0 0 0 1 -1 -1 -1 
-1 0 0 -1 1 -1 -1 -1 
0 0 0 1 1 -1 -1 1 
0 1 -1 0 1 -1 -1 1 
-1 0 1 0 1 -1 1 -1 
0 0 -1 0 1 -1 1 -1 
0 -1 0 1 1 -1 1 1 
1 0 1 -1 1 -1 1 1 
0 0 0 0 1 1 -1 -1 
1 -1 0 0 1 1 -1 -1 
0 1 1 0 1 1 -1 1 
-1 -1 0 0 1 1 -1 1 
0 1 0 1 1 1 1 -1 
0 0 0 0 1 1 1 -1 
0 0 0 0 1 1 1 1 
0 0 -1 -1 1 1 1 1 
4,32,20,28,5,Optimal,490.019,params-45.txt,oas/oa-32-5-1
0 0 -1 1 -1 -1 -1 -1 -1 
0 1 1 0 -1 -1 -1 -1 1 
0 0 -1 0 -1 -1 -1 1 -1 
0 0 0 -1 -1 -1 -1 1 1 
-1 -1 0 -1 -1 -1 1 -1 -1 
0 0 0 1 -1 -1 1 -1 1 
1 0 1 0 -1 -1 1 1 -1 
0 0 0 0 -1 -1 1 1 1 
0 1 0 -1 -1 1 -1 -1 -1 
1 -1 0 0 -1 1 -1 -1 1 
-1 0 1 1 -1 1 -1 1 -1 
0 -1 0 0 -1 1 -1 1 1 
1 0 0 0 -1 1 1 -1 -1 
-1 0 0 0 -1 1 1 -1 1 
0 0 0 0 -1 1 1 1 -1 
0 1 -1 0 -1 1 1 1 1 
0 -1 1 0 1 -1 -1 -1 -1 
0 0 0 0 1 -1 -1 -1 1 
1 0 0 0 1 -1 -1 1 -1 
-1 0 0 0 1 -1 -1 1 1 
0 1 0 0 1 -1 1 -1 -1 
1 0 -1 -1 1 -1 1 -1 1 
-1 1 0 0 1 -1 1 1 -1 
0 -1 0 1 1 -1 1 1 1 
0 0 0 0 1 1 -1 -1 -1 
-1 0 -1 0 1 1 -1 -1 1 
0 0 0 -1 1 1 -1 1 -1 
1 1 0 1 1 1 -1 1 1 
0 0 0 1 1 1 1 -1 -1 
0 0 1 0 1 1 1 -1 1 
0 -1 -1 0 1 1 1 1 -1 
0 0 1 -1 1 1 1 1 1 
5,32,16,20,4,Optimal,60.7464,params-57.txt,oas/oa-32-4-1
1 1 -1 -1 1 -1 -1 -1 -1 
-1 -1 -1 0 -1 -1 -1 -1 -1 
-1 0 0 0 0 -1 -1 -1 1 
1 1 1 1 -1 -1 -1 -1 1 
-1 0 1 1 1 -1 -1 1 -1 
1 -1 1 -1 -1 -1 -1 1 -1 
0 0 0 0 1 -1 -1 1 1 
0 0 -1 0 0 -1 -1 1 1 
0 0 0 0 0 -1 1 -1 -1 
0 0 0 1 0 -1 1 -1 -1 
0 0 0 0 0 -1 1 -1 1 
0 -1 1 -1 1 -1 1 -1 1 
0 0 0 0 0 -1 1 1 -1 
0 1 0 0 0 -1 1 1 -1 
1 -1 -1 1 0 -1 1 1 1 
-1 1 0 -1 -1 -1 1 1 1 
-1 1 1 -1 0 1 -1 -1 -1 
1 -1 0 1 1 1 -1 -1 -1 
0 0 0 0 0 1 -1 -1 1 
0 -1 0 0 0 1 -1 -1 1 
0 1 -1 1 -1 1 -1 1 -1 
0 0 0 0 0 1 -1 1 -1 
0 0 0 -1 0 1 -1 1 1 
0 0 0 0 0 1 -1 1 1 
0 0 1 0 0 1 1 -1 -1 
0 0 0 0 -1 1 1 -1 -1 
-1 1 -1 1 1 1 1 -1 1 
1 0 -1 -1 -1 1 1 -1 1 
-1 -1 -1 -1 1 1 1 1 -1 
1 0 0 0 0 1 1 1 -1 
1 1 1 0 1 1 1 1 1 
-1 -1 1 1 -1 1 1 1 1 
5,32,12,16,4,Optimal,422.696,params-55.txt,oas/oa-32-4-1
1 -1 1 -1 -1 -1 -1 -1 -1 
0 0 0 0 -1 -1 -1 -1 -1 
0 1 0 0 0 -1 -1 -1 1 
0 1 -1 -1 1 -1 -1 -1 1 
-1 1 -1 1 -1 -1 -1 1 -1 
1 -1 -1 1 1 -1 -1 1 -1 
-1 -1 1 0 1 -1 -1 1 1 
0 0 1 0 0 -1 -1 1 1 
-1 0 0 0 0 -1 1 -1 -1 
-1 0 1 1 1 -1 1 -1 -1 
1 -1 -1 1 0 -1 1 -1 1 
0 0 0 0 0 -1 1 -1 1 
1 1 0 -1 1 -1 1 1 -1 
0 0 0 -1 0 -1 1 1 -1 
1 1 1 1 -1 -1 1 1 1 
-1 -1 -1 -1 -1 -1 1 1 1 
-1 -1 -1 -1 1 1 -1 -1 -1 
1 1 1 1 1 1 -1 -1 -1 
-1 -1 0 1 -1 1 -1 -1 1 
0 0 0 1 0 1 -1 -1 1 
0 0 0 0 0 1 -1 1 -1 
-1 1 1 -1 0 1 -1 1 -1 
1 0 0 0 0 1 -1 1 1 
1 0 -1 -1 -1 1 -1 1 1 
1 1 -1 0 -1 1 1 -1 -1 
0 0 -1 0 0 1 1 -1 -1 
-1 1 1 -1 -1 1 1 -1 1 
1 -1 1 -1 1 1 1 -1 1 
0 -1 0 0 0 1 1 1 -1 
0 -1 1 1 -1 1 1 1 -1 
-1 1 -1 1 1 1 1 1 1 
0 0 0 0 1 1 1 1 1 
5,32,16,24,4,Optimal,73.7397,params-58.txt,oas/oa-32-4-1
   5110  1418        0.2000   177                      0.2000  1690298         
-1 -1 -1 0 1 -1 -1 -1 -1 
0 0 1 1 0 -1 -1 -1 -1 
1 0 0 0 0 -1 -1 -1 1 
1 1 0 0 0 -1 -1 -1 1 
0 1 0 -1 1 -1 -1 1 -1 
1 -1 0 -1 -1 -1 -1 1 -1 
-1 0 1 1 0 -1 -1 1 1 
-1 0 -1 0 -1 -1 -1 1 1 
0 1 -1 0 0 -1 1 -1 -1 
0 -1 1 0 0 -1 1 -1 -1 
-1 0 0 -1 0 -1 1 -1 1 
0 0 0 0 -1 -1 1 -1 1 
0 1 0 1 0 -1 1 1 -1 
0 0 0 0 -1 -1 1 1 -1 
1 -1 -1 1 1 -1 1 1 1 
0 0 1 -1 1 -1 1 1 1 
-1 1 1 -1 -1 1 -1 -1 -1 
0 0 -1 1 -1 1 -1 -1 -1 
0 -1 0 -1 0 1 -1 -1 1 
0 0 0 0 1 1 -1 -1 1 
1 0 0 1 0 1 -1 1 -1 
0 0 0 0 1 1 -1 1 -1 
0 1 -1 0 0 1 -1 1 1 
0 -1 1 0 0 1 -1 1 1 
1 0 1 0 1 1 1 -1 -1 
1 0 -1 -1 0 1 1 -1 -1 
-1 1 0 1 1 1 1 -1 1 
0 -1 0 1 -1 1 1 -1 1 
-1 0 0 0 0 1 1 1 -1 
-1 -1 0 0 0 1 1 1 -1 
1 1 1 0 -1 1 1 1 1 
5,32,16,24,5,Optimal,112.034,params-58.txt,oas/oa-32-5-1
-1 -1 -1 -1 1 -1 -1 -1 -1 -1 
0 1 1 1 1 -1 -1 -1 -1 1 
0 0 0 1 -1 -1 -1 -1 1 -1 
1 0 0 -1 -1 -1 -1 -1 1 1 
1 0 0 0 0 -1 -1 1 -1 -1 
0 -1 0 0 -1 -1 -1 1 -1 1 
-1 1 0 0 0 -1 -1 1 1 -1 
0 0 0 0 1 -1 -1 1 1 1 
1 1 0 -1 0 -1 1 -1 -1 -1 
0 -1 0 1 0 -1 1 -1 -1 1 
0 0 -1 1 0 -1 1 -1 1 -1 
-1 0 1 -1 0 -1 1 -1 1 1 
0 0 1 0 0 -1 1 1 -1 -1 
-1 1 -1 0 -1 -1 1 1 -1 1 
0 -1 1 0 0 -1 1 1 1 -1 
1 0 -1 0 1 -1 1 1 1 1 
-1 0 1 0 -1 1 -1 -1 -1 -1 
0 1 -1 0 0 1 -1 -1 -1 1 
1 -1 1 0 1 1 -1 -1 1 -1 
0 0 -1 0 0 1 -1 -1 1 1 
1 0 -1 1 0 1 -1 1 -1 -1 
0 0 1 -1 0 1 -1 1 -1 1 
0 1 0 -1 0 1 -1 1 1 -1 
-1 -1 0 1 0 1 -1 1 1 1 
0 0 0 0 -1 1 1 -1 -1 -1 
1 -1 0 0 0 1 1 -1 -1 1 
0 1 0 0 1 1 1 -1 1 -1 
-1 0 0 0 0 1 1 -1 1 1 
-1 0 0 1 1 1 1 1 -1 -1 
0 0 0 -1 1 1 1 1 -1 1 
0 -1 -1 -1 -1 1 1 1 1 -1 
1 1 1 1 -1 1 1 1 1 1 
5,32,16,24,6,Optimal,123.788,params-58.txt,oas/oa-32-6-1
-1 1 0 0 -1 -1 -1 -1 -1 -1 -1 
1 -1 1 0 0 -1 -1 -1 -1 1 1 
0 -1 -1 0 -1 -1 -1 -1 1 -1 1 
0 1 0 0 0 -1 -1 -1 1 1 -1 
0 0 0 0 1 -1 -1 1 -1 -1 1 
0 0 0 -1 0 -1 -1 1 -1 1 -1 
1 0 -1 0 1 -1 -1 1 1 -1 -1 
-1 0 1 1 0 -1 -1 1 1 1 1 
-1 0 0 -1 1 -1 1 -1 -1 -1 1 
1 0 0 0 0 -1 1 -1 -1 1 -1 
0 0 1 1 1 -1 1 -1 1 -1 -1 
0 0 -1 0 0 -1 1 -1 1 1 1 
0 -1 0 1 -1 -1 1 1 -1 -1 -1 
0 1 -1 1 0 -1 1 1 -1 1 1 
1 1 1 -1 -1 -1 1 1 1 -1 1 
-1 -1 0 -1 0 -1 1 1 1 1 -1 
1 1 0 1 0 1 -1 -1 -1 -1 1 
-1 -1 -1 1 1 1 -1 -1 -1 1 -1 
0 -1 1 -1 0 1 -1 -1 1 -1 -1 
0 1 0 -1 1 1 -1 -1 1 1 1 
0 0 1 0 0 1 -1 1 -1 -1 -1 
0 0 -1 -1 -1 1 -1 1 -1 1 1 
-1 0 0 0 0 1 -1 1 1 -1 1 
1 0 0 1 -1 1 -1 1 1 1 -1 
1 0 -1 -1 0 1 1 -1 -1 -1 -1 
-1 0 1 0 -1 1 1 -1 -1 1 1 
0 0 0 1 0 1 1 -1 1 -1 1 
0 0 0 0 -1 1 1 -1 1 1 -1 
0 -1 0 0 0 1 1 1 -1 -1 1 
0 1 1 0 1 1 1 1 -1 1 -1 
-1 1 -1 0 0 1 1 1 1 -1 -1 
1 -1 0 0 1 1 1 1 1 1 1 
5,32,8,12,4,Optimal,1006.57,params-53.txt,oas/oa-32-4-1
1 0 1 0 -1 -1 -1 -1 -1 
-1 1 -1 -1 -1 -1 -1 -1 -1 
1 0 0 1 0 -1 -1 -1 1 
-1 1 1 1 1 -1 -1 -1 1 
0 0 0 0 0 -1 -1 1 -1 
-1 -1 1 -1 1 -1 -1 1 -1 
1 -1 -1 -1 1 -1 -1 1 1 
0 0 -1 1 -1 -1 -1 1 1 
1 1 -1 -1 1 -1 1 -1 -1 
-1 -1 -1 1 0 -1 1 -1 -1 
-1 -1 0 0 1 -1 1 -1 1 
1 -1 1 -1 -1 -1 1 -1 1 
0 -1 0 1 -1 -1 1 1 -1 
1 1 1 1 1 -1 1 1 -1 
-1 1 1 -1 -1 -1 1 1 1 
0 1 -1 0 0 -1 1 1 1 
1 -1 -1 1 1 1 -1 -1 -1 
0 -1 1 0 0 1 -1 -1 -1 
0 1 0 -1 1 1 -1 -1 1 
-1 -1 -1 -1 -1 1 -1 -1 1 
1 1 0 0 -1 1 -1 1 -1 
-1 1 -1 1 1 1 -1 1 -1 
1 1 1 -1 0 1 -1 1 1 
-1 -1 1 1 -1 1 -1 1 1 
0 0 1 -1 1 1 1 -1 -1 
-1 1 1 1 -1 1 1 -1 -1 
1 1 -1 1 -1 1 1 -1 1 
0 0 0 0 0 1 1 -1 1 
1 -1 -1 -1 -1 1 1 1 -1 
-1 0 0 -1 0 1 1 1 -1 
-1 0 -1 0 1 1 1 1 1 
1 -1 1 1 1 1 1 1 1 
5,32,20,28,4,Optimal,401.395,params-60.txt,oas/oa-32-4-1
-1 -1 0 0 1 -1 -1 -1 -1 
0 0 -1 1 -1 -1 -1 -1 -1 
0 0 0 0 0 -1 -1 -1 1 
1 0 1 0 0 -1 -1 -1 1 
0 0 1 0 0 -1 -1 1 -1 
0 1 0 0 0 -1 -1 1 -1 
0 -1 -1 -1 0 -1 -1 1 1 
0 1 0 0 0 -1 -1 1 1 
-1 1 0 -1 0 -1 1 -1 -1 
1 0 0 0 1 -1 1 -1 -1 
0 0 0 1 0 -1 1 -1 1 
0 0 0 -1 -1 -1 1 -1 1 
1 0 -1 0 0 -1 1 1 -1 
0 -1 1 0 -1 -1 1 1 -1 
-1 0 0 1 0 -1 1 1 1 
0 0 0 0 1 -1 1 1 1 
1 0 0 -1 0 1 -1 -1 -1 
0 0 0 0 -1 1 -1 -1 -1 
-1 0 1 0 0 1 -1 -1 1 
0 1 -1 0 1 1 -1 -1 1 
0 0 0 1 1 1 -1 1 -1 
0 0 0 -1 0 1 -1 1 -1 
1 -1 0 1 0 1 -1 1 1 
-1 0 0 0 -1 1 -1 1 1 
0 -1 0 0 0 1 1 -1 -1 
0 1 1 1 0 1 1 -1 -1 
0 -1 0 0 0 1 1 -1 1 
0 0 -1 0 0 1 1 -1 1 
-1 0 -1 0 0 1 1 1 -1 
0 0 0 0 0 1 1 1 -1 
1 1 0 0 -1 1 1 1 1 
0 0 1 -1 1 1 1 1 1 
