bd2cat-2-16-8-12-2
-1 -1 1 1 
-1 0 -1 -1 
-1 0 1 -1 
-1 1 -1 1 
0 -1 -1 -1 
0 -1 -1 1 
0 0 -1 -1 
0 0 -1 1 
0 0 1 -1 
0 0 1 1 
0 1 1 -1 
0 1 1 1 
1 -1 1 -1 
1 0 -1 1 
1 0 1 1 
1 1 -1 -1 
bd2cat-2-16-8-12-3
-1 -1 -1 -1 1 
-1 0 1 1 -1 
-1 0 1 1 1 
-1 1 -1 -1 -1 
0 -1 -1 1 -1 
0 -1 1 -1 -1 
0 0 -1 1 -1 
0 0 -1 1 1 
0 0 1 -1 -1 
0 0 1 -1 1 
0 1 -1 1 1 
0 1 1 -1 1 
1 -1 1 1 1 
1 0 -1 -1 -1 
1 0 -1 -1 1 
1 1 1 1 -1 
bd2cat-2-16-8-12-4
-1 -1 1 1 -1 1 
-1 0 -1 -1 -1 -1 
-1 0 -1 1 1 -1 
-1 1 1 -1 1 1 
0 -1 -1 -1 1 1 
0 -1 1 -1 1 -1 
0 0 -1 -1 -1 1 
0 0 -1 1 1 1 
0 0 1 -1 -1 -1 
0 0 1 1 1 -1 
0 1 -1 1 -1 1 
0 1 1 1 -1 -1 
1 -1 -1 1 -1 -1 
1 0 1 -1 -1 1 
1 0 1 1 1 1 
1 1 -1 -1 1 -1 
bd2cat-2-20-4-8-2
-1 -1 -1 -1 
-1 -1 1 -1 
-1 -1 1 1 
-1 0 -1 -1 
-1 0 -1 1 
-1 1 -1 1 
-1 1 1 -1 
-1 1 1 1 
0 -1 -1 1 
0 -1 1 1 
0 1 -1 -1 
0 1 1 -1 
1 -1 -1 -1 
1 -1 -1 1 
1 -1 1 -1 
1 0 1 -1 
1 0 1 1 
1 1 -1 -1 
1 1 -1 1 
1 1 1 1 
bd2cat-2-20-8-12-2
-1 -1 -1 1 
-1 -1 1 -1 
-1 0 -1 -1 
-1 0 -1 1 
-1 0 1 -1 
-1 0 1 1 
-1 1 -1 -1 
-1 1 1 1 
0 -1 -1 -1 
0 -1 -1 1 
0 -1 1 -1 
0 -1 1 1 
0 0 -1 -1 
0 0 -1 1 
0 0 1 -1 
0 0 1 1 
1 -1 -1 -1 
1 -1 1 1 
1 1 -1 1 
1 1 1 -1 
bd2cat-2-24-12-16-3
-1 -1 -1 1 1 
-1 -1 1 -1 -1 
-1 0 -1 1 -1 
-1 0 1 -1 1 
-1 1 -1 -1 -1 
-1 1 1 1 1 
0 -1 -1 -1 1 
0 -1 1 1 -1 
0 0 -1 -1 -1 
0 0 -1 -1 1 
0 0 -1 1 -1 
0 0 -1 1 1 
0 0 1 -1 -1 
0 0 1 -1 1 
0 0 1 1 -1 
0 0 1 1 1 
0 1 -1 -1 1 
0 1 1 1 -1 
1 -1 -1 -1 -1 
1 -1 1 1 1 
1 0 -1 1 -1 
1 0 1 -1 1 
1 1 -1 1 1 
1 1 1 -1 -1 
bd2cat-2-24-12-16-4
-1 -1 -1 -1 1 -1 
-1 -1 1 1 -1 -1 
-1 0 -1 1 1 1 
-1 0 1 -1 -1 1 
-1 1 -1 -1 -1 -1 
-1 1 1 1 1 1 
0 -1 -1 1 -1 1 
0 -1 1 -1 1 1 
0 0 -1 -1 -1 1 
0 0 -1 -1 1 1 
0 0 -1 1 -1 1 
0 0 -1 1 1 -1 
0 0 1 -1 -1 1 
0 0 1 -1 1 -1 
0 0 1 1 -1 -1 
0 0 1 1 1 -1 
0 1 -1 1 -1 -1 
0 1 1 -1 1 -1 
1 -1 -1 -1 -1 -1 
1 -1 1 1 1 1 
1 0 -1 1 1 -1 
1 0 1 -1 -1 -1 
1 1 -1 -1 1 1 
1 1 1 1 -1 1 
bd2cat-2-24-12-16-5
-1 -1 -1 -1 1 -1 1 
-1 -1 1 1 -1 -1 -1 
-1 0 -1 -1 -1 1 -1 
-1 0 1 -1 -1 1 1 
-1 1 -1 1 1 -1 -1 
-1 1 1 1 1 1 1 
0 -1 -1 1 1 1 1 
0 -1 1 1 1 1 -1 
0 0 -1 -1 1 1 -1 
0 0 -1 1 -1 -1 1 
0 0 -1 1 -1 1 -1 
0 0 -1 1 -1 1 1 
0 0 1 -1 1 -1 -1 
0 0 1 -1 1 -1 1 
0 0 1 -1 1 1 -1 
0 0 1 1 -1 -1 1 
0 1 -1 -1 -1 -1 1 
0 1 1 -1 -1 -1 -1 
1 -1 -1 -1 -1 -1 -1 
1 -1 1 -1 -1 1 1 
1 0 -1 1 1 -1 -1 
1 0 1 1 1 -1 1 
1 1 -1 -1 1 1 1 
1 1 1 1 -1 1 -1 
bd2cat-2-24-12-16-6
-1 -1 1 -1 -1 1 1 -1 
-1 -1 1 1 1 -1 -1 1 
-1 0 -1 -1 1 1 -1 1 
-1 0 -1 1 -1 -1 1 1 
-1 1 -1 1 -1 1 -1 -1 
-1 1 1 -1 1 -1 1 -1 
0 -1 -1 -1 -1 -1 -1 -1 
0 -1 -1 1 1 1 1 -1 
0 0 -1 -1 -1 -1 1 1 
0 0 -1 -1 1 -1 -1 -1 
0 0 -1 -1 1 1 1 1 
0 0 -1 1 1 -1 1 -1 
0 0 1 -1 -1 1 -1 1 
0 0 1 1 -1 -1 -1 -1 
0 0 1 1 -1 1 1 1 
0 0 1 1 1 1 -1 -1 
0 1 1 -1 -1 -1 -1 1 
0 1 1 1 1 1 1 1 
1 -1 -1 1 -1 1 -1 1 
1 -1 1 -1 1 -1 1 1 
1 0 1 -1 1 1 -1 -1 
1 0 1 1 -1 -1 1 -1 
1 1 -1 -1 -1 1 1 -1 
1 1 -1 1 1 -1 -1 1 
bd2cat-2-28-8-12-2
-1 -1 -1 -1 
-1 -1 -1 1 
-1 -1 1 -1 
-1 -1 1 1 
-1 0 -1 -1 
-1 0 -1 1 
-1 0 1 -1 
-1 0 1 1 
-1 1 -1 -1 
-1 1 -1 1 
-1 1 1 -1 
-1 1 1 1 
0 -1 -1 -1 
0 -1 -1 1 
0 -1 1 -1 
0 -1 1 1 
0 0 -1 -1 
0 0 -1 1 
0 0 1 -1 
0 0 1 1 
1 -1 -1 -1 
1 -1 -1 1 
1 -1 1 -1 
1 -1 1 1 
1 1 -1 -1 
1 1 -1 1 
1 1 1 -1 
1 1 1 1 
bd2cat-2-32-16-20-4
-1 -1 -1 1 1 1 
-1 -1 1 -1 -1 1 
-1 -1 1 -1 1 -1 
-1 0 -1 1 -1 1 
-1 0 1 1 1 -1 
-1 1 -1 -1 -1 1 
-1 1 -1 -1 1 -1 
-1 1 1 1 -1 -1 
0 -1 -1 -1 -1 -1 
0 -1 -1 1 -1 -1 
0 0 -1 -1 -1 -1 
0 0 -1 -1 1 -1 
0 0 -1 -1 1 1 
0 0 -1 1 -1 -1 
0 0 -1 1 1 -1 
0 0 -1 1 1 1 
0 0 1 -1 -1 -1 
0 0 1 -1 -1 1 
0 0 1 -1 1 1 
0 0 1 1 -1 -1 
0 0 1 1 -1 1 
0 0 1 1 1 1 
0 1 1 -1 1 1 
0 1 1 1 1 1 
1 -1 -1 -1 1 1 
1 -1 1 1 -1 1 
1 -1 1 1 1 -1 
1 0 -1 -1 -1 1 
1 0 1 -1 1 -1 
1 1 -1 1 -1 1 
1 1 -1 1 1 -1 
1 1 1 -1 -1 -1 
bd2cat-2-32-16-20-5
-1 -1 -1 -1 -1 -1 -1 
-1 -1 -1 1 -1 1 1 
-1 -1 1 1 1 -1 -1 
-1 0 -1 -1 1 1 -1 
-1 0 1 1 -1 1 1 
-1 1 -1 -1 1 -1 1 
-1 1 1 -1 -1 1 -1 
-1 1 1 1 1 -1 1 
0 -1 1 -1 1 -1 1 
0 -1 1 -1 1 1 1 
0 0 -1 -1 -1 -1 1 
0 0 -1 -1 1 1 1 
0 0 -1 1 -1 -1 1 
0 0 -1 1 1 -1 -1 
0 0 -1 1 1 1 -1 
0 0 -1 1 1 1 1 
0 0 1 -1 -1 -1 -1 
0 0 1 -1 -1 -1 1 
0 0 1 -1 -1 1 1 
0 0 1 -1 1 1 -1 
0 0 1 1 -1 -1 -1 
0 0 1 1 1 1 -1 
0 1 -1 1 -1 -1 -1 
0 1 -1 1 -1 1 -1 
1 -1 -1 -1 -1 1 -1 
1 -1 -1 1 1 -1 1 
1 -1 1 1 -1 1 -1 
1 0 -1 -1 1 -1 -1 
1 0 1 1 -1 -1 1 
1 1 -1 -1 -1 1 1 
1 1 1 -1 1 -1 -1 
1 1 1 1 1 1 1 
bd2cat-2-32-16-20-6
-1 -1 -1 -1 -1 -1 -1 1 
-1 -1 1 -1 1 1 1 -1 
-1 -1 1 1 -1 1 -1 1 
-1 0 -1 1 -1 -1 1 -1 
-1 0 1 -1 1 -1 -1 -1 
-1 1 -1 -1 1 1 1 1 
-1 1 -1 1 1 1 -1 1 
-1 1 1 1 -1 -1 1 -1 
0 -1 -1 1 1 -1 1 1 
0 -1 -1 1 1 1 1 -1 
0 0 -1 -1 -1 -1 1 1 
0 0 -1 -1 -1 1 -1 -1 
0 0 -1 -1 -1 1 1 -1 
0 0 -1 -1 1 -1 -1 -1 
0 0 -1 1 -1 1 -1 -1 
0 0 -1 1 1 -1 -1 -1 
0 0 1 -1 -1 1 1 1 
0 0 1 -1 1 -1 1 1 
0 0 1 1 -1 1 1 1 
0 0 1 1 1 -1 -1 1 
0 0 1 1 1 -1 1 1 
0 0 1 1 1 1 -1 -1 
0 1 1 -1 -1 -1 -1 1 
0 1 1 -1 -1 1 -1 -1 
1 -1 -1 -1 1 1 -1 1 
1 -1 1 -1 -1 -1 1 -1 
1 -1 1 1 -1 -1 -1 -1 
1 0 -1 1 -1 1 1 1 
1 0 1 -1 1 1 -1 1 
1 1 -1 -1 1 -1 1 -1 
1 1 -1 1 -1 -1 -1 1 
1 1 1 1 1 1 1 -1 
bd2cat-2-32-16-20-7
-1 -1 -1 -1 -1 -1 -1 -1 1 
-1 -1 -1 1 -1 1 -1 1 -1 
-1 -1 1 -1 1 1 1 -1 1 
-1 0 -1 1 1 -1 1 -1 -1 
-1 0 1 1 -1 -1 1 1 1 
-1 1 -1 -1 1 -1 1 1 -1 
-1 1 1 -1 1 1 -1 1 1 
-1 1 1 1 -1 1 -1 -1 -1 
0 -1 1 -1 1 -1 -1 1 -1 
0 -1 1 1 1 1 1 1 -1 
0 0 -1 -1 -1 1 1 1 -1 
0 0 -1 -1 -1 1 1 1 1 
0 0 -1 -1 1 1 -1 -1 -1 
0 0 -1 1 1 -1 -1 1 1 
0 0 -1 1 1 1 -1 1 1 
0 0 -1 1 1 1 1 -1 1 
0 0 1 -1 -1 -1 -1 1 -1 
0 0 1 -1 -1 -1 1 -1 -1 
0 0 1 -1 -1 1 1 -1 -1 
0 0 1 1 -1 -1 1 1 1 
0 0 1 1 1 -1 -1 -1 -1 
0 0 1 1 1 -1 -1 -1 1 
0 1 -1 -1 -1 -1 -1 -1 1 
0 1 -1 1 -1 1 1 -1 1 
1 -1 -1 -1 1 -1 1 1 1 
1 -1 -1 1 -1 -1 1 -1 -1 
1 -1 1 1 -1 1 -1 -1 1 
1 0 -1 -1 1 1 -1 -1 -1 
1 0 1 -1 -1 1 -1 1 1 
1 1 -1 1 -1 -1 -1 1 -1 
1 1 1 -1 1 -1 1 -1 1 
1 1 1 1 1 1 1 1 -1 
bd2cat-2-32-16-20-8
-1 -1 -1 -1 1 1 1 1 1 -1 
-1 -1 -1 1 -1 -1 -1 1 -1 1 
-1 -1 1 1 1 -1 1 -1 -1 -1 
-1 0 1 -1 -1 -1 -1 1 1 1 
-1 0 1 -1 -1 1 1 -1 -1 1 
-1 1 -1 -1 1 1 -1 -1 -1 1 
-1 1 -1 1 1 -1 -1 -1 1 -1 
-1 1 1 1 -1 1 1 1 1 -1 
0 -1 -1 -1 -1 1 -1 -1 1 -1 
0 -1 1 1 1 1 -1 -1 1 1 
0 0 -1 -1 -1 -1 1 -1 -1 -1 
0 0 -1 -1 1 -1 1 1 1 1 
0 0 -1 1 -1 -1 1 -1 1 1 
0 0 -1 1 -1 1 -1 1 -1 -1 
0 0 -1 1 -1 1 1 -1 1 1 
0 0 -1 1 1 1 1 1 -1 1 
0 0 1 -1 -1 -1 -1 -1 1 -1 
0 0 1 -1 1 -1 -1 1 -1 -1 
0 0 1 -1 1 -1 1 -1 1 1 
0 0 1 -1 1 1 -1 1 -1 -1 
0 0 1 1 -1 1 -1 -1 -1 -1 
0 0 1 1 1 1 -1 1 1 1 
0 1 -1 -1 -1 -1 1 1 -1 -1 
0 1 1 1 1 -1 1 1 -1 1 
1 -1 -1 -1 1 -1 -1 -1 -1 1 
1 -1 1 -1 -1 1 1 1 -1 1 
1 -1 1 1 -1 -1 1 1 1 -1 
1 0 -1 1 1 -1 -1 1 1 -1 
1 0 -1 1 1 1 1 -1 -1 -1 
1 1 -1 -1 -1 1 -1 1 1 1 
1 1 1 -1 1 1 1 -1 1 -1 
1 1 1 1 -1 -1 -1 -1 -1 1 
bd2cat-2-32-16-24-11
-1 -1 -1 1 -1 -1 -1 1 1 -1 -1 1 -1 
-1 -1 -1 1 1 1 1 -1 -1 1 1 1 -1 
-1 0 -1 -1 1 1 -1 1 -1 -1 1 -1 1 
-1 0 1 -1 -1 1 1 1 1 -1 1 1 1 
-1 0 1 -1 1 -1 1 1 -1 1 -1 -1 -1 
-1 0 1 1 -1 -1 1 -1 -1 -1 -1 -1 1 
-1 1 -1 -1 -1 1 -1 -1 1 1 -1 -1 -1 
-1 1 1 1 1 -1 -1 -1 1 1 1 1 1 
0 -1 -1 -1 -1 -1 1 -1 1 1 1 -1 1 
0 -1 1 -1 -1 1 -1 -1 -1 1 -1 1 1 
0 -1 1 -1 1 -1 -1 -1 1 -1 1 -1 -1 
0 -1 1 1 1 1 -1 1 1 1 -1 -1 1 
0 0 -1 -1 1 -1 -1 -1 -1 -1 -1 1 1 
0 0 -1 -1 1 -1 1 1 1 1 -1 1 1 
0 0 -1 1 -1 -1 -1 1 -1 1 1 -1 1 
0 0 -1 1 1 1 1 -1 1 -1 -1 -1 1 
0 0 1 -1 -1 -1 -1 1 -1 1 1 1 -1 
0 0 1 -1 1 1 1 -1 1 -1 -1 1 -1 
0 0 1 1 -1 1 -1 -1 -1 -1 1 -1 -1 
0 0 1 1 -1 1 1 1 1 1 1 -1 -1 
0 1 -1 -1 -1 -1 1 -1 -1 -1 1 1 -1 
0 1 -1 1 -1 1 1 1 -1 1 -1 1 1 
0 1 -1 1 1 -1 1 1 1 -1 1 -1 -1 
0 1 1 1 1 1 -1 1 -1 -1 -1 1 -1 
1 -1 -1 -1 -1 1 1 1 -1 -1 -1 -1 -1 
1 -1 1 1 1 -1 1 1 -1 -1 1 1 1 
1 0 -1 -1 1 1 -1 1 1 1 1 1 -1 
1 0 -1 1 -1 1 -1 -1 1 -1 1 1 1 
1 0 -1 1 1 -1 -1 -1 -1 1 -1 -1 -1 
1 0 1 1 -1 -1 1 -1 1 1 -1 1 -1 
1 1 1 -1 -1 -1 -1 1 1 -1 -1 -1 1 
1 1 1 -1 1 1 1 -1 -1 1 1 -1 1 
bd2cat-2-32-16-24-12
-1 -1 1 -1 1 1 -1 -1 1 1 1 1 1 1 
-1 -1 1 1 -1 -1 1 -1 1 -1 -1 -1 -1 1 
-1 0 -1 -1 -1 -1 1 1 1 1 -1 1 1 -1 
-1 0 -1 -1 1 -1 -1 1 -1 -1 -1 1 -1 1 
-1 0 -1 1 1 -1 -1 -1 -1 1 1 -1 -1 -1 
-1 0 1 1 -1 1 -1 1 -1 1 -1 -1 1 -1 
-1 1 -1 1 1 1 1 1 1 -1 1 -1 1 1 
-1 1 1 -1 -1 1 1 -1 -1 -1 1 1 -1 -1 
0 -1 -1 -1 -1 1 -1 1 1 -1 1 -1 -1 -1 
0 -1 -1 1 -1 1 1 1 -1 1 1 1 -1 1 
0 -1 -1 1 1 1 1 -1 -1 -1 -1 1 1 -1 
0 -1 1 -1 1 -1 1 1 -1 -1 1 -1 1 -1 
0 0 -1 -1 -1 -1 1 -1 -1 1 1 -1 1 1 
0 0 -1 -1 -1 1 -1 -1 -1 -1 -1 -1 1 1 
0 0 -1 -1 1 1 1 -1 1 1 -1 -1 -1 -1 
0 0 -1 1 -1 -1 -1 -1 1 -1 1 1 1 -1 
0 0 1 -1 1 1 1 1 -1 1 -1 -1 -1 1 
0 0 1 1 -1 -1 -1 1 -1 -1 1 1 1 1 
0 0 1 1 1 -1 1 1 1 1 1 1 -1 -1 
0 0 1 1 1 1 -1 1 1 -1 -1 1 -1 -1 
0 1 -1 1 -1 1 -1 -1 1 1 -1 1 -1 1 
0 1 1 -1 -1 -1 -1 1 1 1 1 -1 -1 1 
0 1 1 -1 1 -1 -1 -1 1 -1 -1 -1 1 -1 
0 1 1 1 1 -1 1 -1 -1 1 -1 1 1 1 
1 -1 -1 1 1 -1 -1 1 1 1 -1 -1 1 1 
1 -1 1 -1 -1 -1 -1 -1 -1 1 -1 1 -1 -1 
1 0 -1 -1 1 -1 1 -1 1 -1 1 1 -1 1 
1 0 1 -1 -1 1 1 1 1 -1 -1 1 1 1 
1 0 1 1 -1 1 1 -1 1 1 1 -1 1 -1 
1 0 1 1 1 1 -1 -1 -1 -1 1 -1 -1 1 
1 1 -1 -1 1 1 -1 1 -1 1 1 1 1 -1 
1 1 -1 1 -1 -1 1 1 -1 -1 -1 -1 -1 -1 
bd2cat-3-16-8-12-2
-1 -1 -1 -1 1 
-1 0 0 1 -1 
-1 0 1 -1 -1 
-1 1 0 1 1 
0 -1 0 1 -1 
0 -1 1 1 1 
0 0 -1 1 -1 
0 0 0 -1 -1 
0 0 0 1 1 
0 0 1 -1 1 
0 1 -1 -1 -1 
0 1 0 -1 1 
1 -1 0 -1 -1 
1 0 -1 1 1 
1 0 0 -1 1 
1 1 1 1 -1 
bd2cat-3-20-4-8-2
-1 -1 -1 1 1 
-1 -1 0 -1 -1 
-1 -1 0 1 -1 
-1 0 1 -1 -1 
-1 0 1 -1 1 
-1 1 -1 -1 1 
-1 1 -1 1 -1 
-1 1 1 1 1 
0 -1 -1 -1 1 
0 -1 1 1 1 
0 1 -1 -1 -1 
0 1 1 1 -1 
1 -1 -1 -1 -1 
1 -1 1 -1 1 
1 -1 1 1 -1 
1 0 -1 1 -1 
1 0 -1 1 1 
1 1 0 -1 1 
1 1 0 1 1 
1 1 1 -1 -1 
bd2cat-3-20-8-12-2
-1 -1 -1 -1 -1 
-1 -1 1 1 1 
-1 0 -1 1 -1 
-1 0 0 -1 1 
-1 1 0 1 1 
-1 1 1 -1 -1 
0 -1 0 -1 1 
0 -1 1 1 -1 
0 0 -1 1 1 
0 0 0 -1 1 
0 0 0 1 -1 
0 0 1 -1 -1 
0 1 -1 -1 1 
0 1 0 1 -1 
1 -1 -1 1 1 
1 -1 0 -1 -1 
1 0 0 1 -1 
1 0 1 -1 1 
1 1 -1 -1 -1 
1 1 1 1 1 
bd2cat-3-24-12-16-2
-1 -1 -1 1 -1 
-1 -1 1 -1 1 
-1 0 0 -1 -1 
-1 0 0 -1 1 
-1 0 0 1 -1 
-1 0 0 1 1 
-1 1 -1 -1 1 
-1 1 1 1 -1 
0 -1 0 -1 -1 
0 -1 0 1 1 
0 0 -1 -1 -1 
0 0 -1 1 1 
0 0 0 -1 -1 
0 0 0 -1 1 
0 0 0 1 -1 
0 0 0 1 1 
0 0 1 -1 -1 
0 0 1 1 1 
0 1 0 -1 -1 
0 1 0 1 1 
1 -1 -1 -1 1 
1 -1 1 1 -1 
1 1 -1 1 -1 
1 1 1 -1 1 
bd2cat-3-24-12-16-3
-1 -1 -1 -1 1 1 
-1 -1 1 1 1 -1 
-1 0 0 -1 -1 -1 
-1 0 1 -1 -1 1 
-1 1 -1 1 -1 -1 
-1 1 0 1 1 1 
0 -1 -1 1 -1 1 
0 -1 0 1 -1 -1 
0 0 -1 -1 1 -1 
0 0 0 -1 -1 -1 
0 0 0 -1 -1 1 
0 0 0 -1 1 -1 
0 0 0 1 -1 1 
0 0 0 1 1 -1 
0 0 0 1 1 1 
0 0 1 1 -1 1 
0 1 0 -1 1 1 
0 1 1 -1 1 -1 
1 -1 0 -1 -1 -1 
1 -1 1 -1 1 1 
1 0 -1 1 1 -1 
1 0 0 1 1 1 
1 1 -1 -1 -1 1 
1 1 1 1 -1 -1 
bd2cat-3-24-12-16-4
-1 -1 -1 1 1 -1 1 
-1 -1 1 1 1 1 -1 
-1 0 0 -1 -1 -1 1 
-1 0 1 -1 -1 1 1 
-1 1 -1 1 -1 1 -1 
-1 1 0 -1 1 -1 -1 
0 -1 -1 -1 -1 1 -1 
0 -1 0 -1 -1 -1 -1 
0 0 -1 -1 1 1 1 
0 0 0 -1 1 -1 -1 
0 0 0 -1 1 1 -1 
0 0 0 -1 1 1 1 
0 0 0 1 -1 -1 -1 
0 0 0 1 -1 -1 1 
0 0 0 1 -1 1 1 
0 0 1 1 -1 -1 -1 
0 1 0 1 1 1 1 
0 1 1 1 1 -1 1 
1 -1 0 1 -1 1 1 
1 -1 1 -1 1 -1 1 
1 0 -1 1 1 -1 -1 
1 0 0 1 1 1 -1 
1 1 -1 -1 -1 -1 1 
1 1 1 -1 -1 1 -1 
bd2cat-3-24-12-16-5
-1 -1 -1 -1 -1 -1 -1 -1 
-1 -1 -1 1 1 1 1 1 
-1 0 1 -1 -1 1 1 -1 
-1 0 1 1 -1 1 -1 1 
-1 1 0 -1 1 -1 1 1 
-1 1 0 1 1 -1 -1 -1 
0 -1 1 -1 1 -1 -1 1 
0 -1 1 1 1 -1 1 -1 
0 0 0 -1 -1 -1 1 1 
0 0 0 -1 1 1 -1 -1 
0 0 0 -1 1 1 -1 1 
0 0 0 -1 1 1 1 -1 
0 0 0 1 -1 -1 -1 1 
0 0 0 1 -1 -1 1 -1 
0 0 0 1 -1 -1 1 1 
0 0 0 1 1 1 -1 -1 
0 1 -1 -1 -1 1 -1 1 
0 1 -1 1 -1 1 1 -1 
1 -1 0 -1 -1 1 1 1 
1 -1 0 1 -1 1 -1 -1 
1 0 -1 -1 1 -1 1 -1 
1 0 -1 1 1 -1 -1 1 
1 1 1 -1 -1 -1 -1 -1 
1 1 1 1 1 1 1 1 
bd2cat-3-24-12-16-6
-1 -1 -1 -1 1 -1 1 1 1 
-1 -1 -1 1 -1 1 -1 -1 -1 
-1 0 1 -1 1 1 1 -1 -1 
-1 0 1 1 1 -1 -1 -1 1 
-1 1 0 -1 -1 1 -1 1 1 
-1 1 0 1 -1 -1 1 1 -1 
0 -1 1 -1 -1 -1 -1 1 -1 
0 -1 1 1 -1 1 1 1 1 
0 0 0 -1 -1 -1 -1 -1 1 
0 0 0 -1 -1 -1 1 -1 -1 
0 0 0 -1 -1 1 1 -1 1 
0 0 0 -1 1 1 -1 1 -1 
0 0 0 1 -1 -1 1 -1 1 
0 0 0 1 1 -1 -1 1 -1 
0 0 0 1 1 1 -1 1 1 
0 0 0 1 1 1 1 1 -1 
0 1 -1 -1 1 -1 -1 -1 -1 
0 1 -1 1 1 1 1 -1 1 
1 -1 0 -1 1 1 -1 -1 1 
1 -1 0 1 1 -1 1 -1 -1 
1 0 -1 -1 -1 1 1 1 -1 
1 0 -1 1 -1 -1 -1 1 1 
1 1 1 -1 1 -1 1 1 1 
1 1 1 1 -1 1 -1 -1 -1 
bd2cat-3-24-4-8-2
-1 -1 -1 1 1 
-1 -1 0 -1 1 
-1 -1 1 -1 -1 
-1 -1 1 1 -1 
-1 0 -1 -1 -1 
-1 0 -1 1 1 
-1 1 -1 -1 -1 
-1 1 0 1 -1 
-1 1 1 -1 1 
-1 1 1 1 1 
0 -1 -1 1 -1 
0 -1 1 -1 1 
0 1 -1 -1 1 
0 1 1 1 -1 
1 -1 -1 -1 -1 
1 -1 -1 -1 1 
1 -1 0 1 -1 
1 -1 1 1 1 
1 0 1 -1 -1 
1 0 1 1 1 
1 1 -1 1 -1 
1 1 -1 1 1 
1 1 0 -1 1 
1 1 1 -1 -1 
bd2cat-3-24-4-8-3
-1 -1 -1 -1 -1 1 
-1 -1 0 -1 -1 1 
-1 -1 0 1 1 -1 
-1 -1 1 1 1 1 
-1 0 -1 -1 1 -1 
-1 0 1 -1 1 -1 
-1 1 -1 1 -1 -1 
-1 1 -1 1 1 1 
-1 1 1 -1 -1 -1 
-1 1 1 1 -1 1 
0 -1 -1 1 -1 -1 
0 -1 1 1 -1 -1 
0 1 -1 -1 1 1 
0 1 1 -1 1 1 
1 -1 -1 -1 1 -1 
1 -1 -1 1 1 1 
1 -1 1 -1 -1 -1 
1 -1 1 -1 1 1 
1 0 -1 1 -1 1 
1 0 1 1 -1 1 
1 1 -1 -1 -1 -1 
1 1 0 -1 -1 1 
1 1 0 1 1 -1 
1 1 1 1 1 -1 
bd2cat-3-24-4-8-4
-1 -1 -1 1 -1 1 1 
-1 -1 0 -1 1 -1 1 
-1 -1 0 1 -1 1 -1 
-1 -1 1 1 1 -1 1 
-1 0 -1 -1 -1 -1 -1 
-1 0 1 -1 -1 -1 -1 
-1 1 -1 -1 1 1 1 
-1 1 -1 1 1 -1 -1 
-1 1 1 -1 -1 1 1 
-1 1 1 1 1 1 -1 
0 -1 -1 -1 1 1 -1 
0 -1 1 -1 1 1 -1 
0 1 -1 1 -1 -1 1 
0 1 1 1 -1 -1 1 
1 -1 -1 -1 -1 -1 1 
1 -1 -1 1 1 -1 -1 
1 -1 1 -1 -1 1 1 
1 -1 1 1 -1 -1 -1 
1 0 -1 1 1 1 1 
1 0 1 1 1 1 1 
1 1 -1 -1 -1 1 -1 
1 1 0 -1 1 -1 1 
1 1 0 1 -1 1 -1 
1 1 1 -1 1 -1 -1 
bd2cat-3-24-8-12-2
-1 -1 -1 -1 1 
-1 -1 -1 1 -1 
-1 -1 1 1 1 
-1 0 0 -1 -1 
-1 0 1 -1 -1 
-1 1 -1 1 1 
-1 1 0 1 -1 
-1 1 1 -1 1 
0 -1 0 -1 1 
0 -1 1 1 -1 
0 0 -1 -1 -1 
0 0 0 -1 -1 
0 0 0 1 1 
0 0 1 1 1 
0 1 -1 -1 1 
0 1 0 1 -1 
1 -1 -1 1 -1 
1 -1 0 -1 1 
1 -1 1 -1 -1 
1 0 -1 1 1 
1 0 0 1 1 
1 1 -1 -1 -1 
1 1 1 -1 1 
1 1 1 1 -1 
bd2cat-3-24-8-12-3
-1 -1 -1 1 1 -1 
-1 -1 0 -1 -1 1 
-1 -1 1 -1 1 -1 
-1 0 -1 1 -1 1 
-1 0 0 -1 1 1 
-1 1 -1 -1 -1 -1 
-1 1 1 1 -1 -1 
-1 1 1 1 1 1 
0 -1 0 1 -1 -1 
0 -1 1 1 -1 1 
0 0 -1 1 1 1 
0 0 0 -1 -1 1 
0 0 0 1 1 -1 
0 0 1 -1 -1 -1 
0 1 -1 -1 1 -1 
0 1 0 -1 1 1 
1 -1 -1 -1 -1 -1 
1 -1 -1 -1 1 1 
1 -1 1 1 1 1 
1 0 0 1 -1 -1 
1 0 1 -1 1 -1 
1 1 -1 1 -1 1 
1 1 0 1 1 -1 
1 1 1 -1 -1 1 
bd2cat-3-24-8-12-4
-1 -1 -1 -1 1 1 1 
-1 -1 0 1 -1 -1 -1 
-1 -1 1 -1 1 -1 -1 
-1 0 -1 1 1 1 -1 
-1 0 0 1 -1 -1 1 
-1 1 -1 -1 -1 -1 1 
-1 1 1 -1 -1 1 -1 
-1 1 1 1 1 1 1 
0 -1 0 -1 -1 1 1 
0 -1 1 1 -1 1 1 
0 0 -1 1 -1 1 -1 
0 0 0 -1 -1 1 -1 
0 0 0 1 1 -1 1 
0 0 1 -1 1 -1 1 
0 1 -1 -1 1 -1 -1 
0 1 0 1 1 -1 -1 
1 -1 -1 -1 -1 -1 -1 
1 -1 -1 1 1 -1 1 
1 -1 1 1 1 1 -1 
1 0 0 -1 1 1 -1 
1 0 1 -1 -1 -1 1 
1 1 -1 1 -1 1 1 
1 1 0 -1 1 1 1 
1 1 1 1 -1 -1 -1 
bd2cat-3-28-4-8-2
-1 -1 -1 -1 -1 
-1 -1 0 -1 1 
-1 -1 0 1 1 
-1 -1 1 -1 -1 
-1 -1 1 1 -1 
-1 0 -1 1 1 
-1 0 1 -1 1 
-1 1 -1 -1 -1 
-1 1 -1 -1 1 
-1 1 -1 1 -1 
-1 1 1 1 -1 
-1 1 1 1 1 
0 -1 -1 1 -1 
0 -1 -1 1 1 
0 1 1 -1 -1 
0 1 1 -1 1 
1 -1 -1 -1 -1 
1 -1 -1 -1 1 
1 -1 1 -1 1 
1 -1 1 1 -1 
1 -1 1 1 1 
1 0 -1 1 -1 
1 0 1 -1 -1 
1 1 -1 -1 1 
1 1 -1 1 1 
1 1 0 -1 -1 
1 1 0 1 -1 
1 1 1 1 1 
bd2cat-3-28-8-12-2
-1 -1 -1 1 -1 
-1 -1 0 -1 -1 
-1 -1 1 -1 1 
-1 -1 1 1 1 
-1 0 -1 -1 1 
-1 0 0 1 -1 
-1 1 -1 -1 -1 
-1 1 -1 1 1 
-1 1 1 -1 -1 
-1 1 1 1 1 
0 -1 -1 -1 1 
0 -1 0 1 -1 
0 0 -1 1 1 
0 0 0 -1 1 
0 0 0 1 -1 
0 0 1 -1 -1 
0 1 0 -1 1 
0 1 1 1 -1 
1 -1 -1 -1 -1 
1 -1 -1 1 1 
1 -1 1 -1 -1 
1 -1 1 1 1 
1 0 0 -1 1 
1 0 1 1 -1 
1 1 -1 -1 -1 
1 1 -1 1 -1 
1 1 0 1 1 
1 1 1 -1 1 
bd2cat-3-32-16-20-4
-1 -1 -1 1 -1 1 1 
-1 -1 0 -1 1 -1 1 
-1 -1 1 -1 1 1 -1 
-1 0 -1 -1 -1 -1 -1 
-1 0 0 1 1 -1 -1 
-1 1 -1 1 1 1 1 
-1 1 1 -1 -1 1 1 
-1 1 1 1 -1 -1 -1 
0 -1 0 1 -1 1 -1 
0 -1 1 1 -1 -1 1 
0 0 -1 -1 -1 -1 -1 
0 0 0 -1 -1 -1 1 
0 0 0 -1 -1 1 -1 
0 0 0 -1 -1 1 1 
0 0 0 -1 1 -1 1 
0 0 0 -1 1 1 -1 
0 0 0 1 -1 -1 1 
0 0 0 1 -1 1 -1 
0 0 0 1 1 -1 -1 
0 0 0 1 1 -1 1 
0 0 0 1 1 1 -1 
0 0 1 1 1 1 1 
0 1 -1 -1 1 1 -1 
0 1 0 -1 1 -1 1 
1 -1 -1 -1 1 1 1 
1 -1 -1 1 1 -1 -1 
1 -1 1 -1 -1 -1 -1 
1 0 0 -1 -1 1 1 
1 0 1 1 1 1 1 
1 1 -1 1 -1 -1 1 
1 1 0 1 -1 1 -1 
1 1 1 -1 1 -1 -1 
bd2cat-3-32-16-20-5
-1 -1 -1 -1 -1 -1 -1 -1 
-1 -1 -1 1 1 1 -1 1 
-1 -1 1 -1 -1 1 1 -1 
-1 0 0 -1 1 -1 1 1 
-1 0 1 1 -1 -1 1 1 
-1 1 -1 1 -1 1 1 1 
-1 1 0 -1 1 -1 -1 -1 
-1 1 1 1 1 1 -1 -1 
0 -1 0 1 1 1 1 -1 
0 -1 1 1 1 -1 -1 1 
0 0 -1 1 1 -1 1 -1 
0 0 0 -1 -1 1 -1 1 
0 0 0 -1 1 -1 1 1 
0 0 0 -1 1 1 -1 1 
0 0 0 -1 1 1 1 -1 
0 0 0 -1 1 1 1 1 
0 0 0 1 -1 -1 -1 -1 
0 0 0 1 -1 -1 -1 1 
0 0 0 1 -1 -1 1 -1 
0 0 0 1 -1 1 -1 -1 
0 0 0 1 1 -1 1 -1 
0 0 1 -1 -1 1 -1 1 
0 1 -1 -1 -1 1 1 -1 
0 1 0 -1 -1 -1 -1 1 
1 -1 -1 -1 -1 -1 1 1 
1 -1 0 1 -1 1 1 1 
1 -1 1 -1 1 -1 -1 -1 
1 0 -1 -1 1 1 -1 -1 
1 0 0 1 -1 1 -1 -1 
1 1 -1 1 1 -1 -1 1 
1 1 1 -1 -1 -1 1 -1 
1 1 1 1 1 1 1 1 
bd2cat-3-32-16-20-6
-1 -1 -1 1 -1 -1 1 1 1 
-1 -1 0 1 1 1 1 -1 -1 
-1 -1 1 -1 -1 -1 -1 -1 -1 
-1 0 -1 -1 -1 1 -1 1 -1 
-1 0 0 -1 1 1 1 1 1 
-1 1 -1 1 1 -1 -1 -1 1 
-1 1 1 -1 1 -1 1 1 -1 
-1 1 1 1 -1 1 -1 -1 1 
0 -1 0 -1 1 -1 -1 -1 1 
0 -1 1 1 1 1 -1 1 1 
0 0 -1 -1 1 1 -1 -1 -1 
0 0 0 -1 -1 -1 1 -1 1 
0 0 0 -1 -1 1 -1 1 1 
0 0 0 -1 -1 1 1 -1 1 
0 0 0 -1 1 -1 -1 1 1 
0 0 0 -1 1 1 1 -1 1 
0 0 0 1 -1 -1 -1 1 -1 
0 0 0 1 -1 1 1 -1 -1 
0 0 0 1 1 -1 -1 1 -1 
0 0 0 1 1 -1 1 -1 -1 
0 0 0 1 1 1 -1 1 -1 
0 0 1 1 -1 -1 1 1 1 
0 1 -1 -1 -1 -1 1 -1 -1 
0 1 0 1 -1 1 1 1 -1 
1 -1 -1 -1 1 -1 1 1 -1 
1 -1 -1 1 -1 1 -1 -1 1 
1 -1 1 -1 -1 1 1 1 -1 
1 0 0 1 -1 -1 -1 -1 -1 
1 0 1 1 1 -1 1 -1 1 
1 1 -1 1 1 1 1 1 1 
1 1 0 -1 -1 -1 -1 1 1 
1 1 1 -1 1 1 -1 -1 -1 
bd2cat-3-32-16-20-7
-1 -1 -1 -1 1 1 1 1 -1 1 
-1 -1 1 -1 -1 -1 -1 -1 -1 -1 
-1 -1 1 1 1 -1 -1 1 1 1 
-1 0 -1 1 -1 1 -1 1 1 -1 
-1 0 0 -1 1 1 1 -1 1 -1 
-1 1 -1 -1 -1 -1 -1 -1 -1 1 
-1 1 0 1 1 -1 1 1 -1 -1 
-1 1 1 1 -1 1 1 -1 1 1 
0 -1 -1 1 -1 -1 1 -1 1 -1 
0 -1 0 1 -1 1 1 -1 -1 1 
0 0 -1 1 1 -1 -1 -1 1 1 
0 0 0 -1 -1 -1 1 1 1 -1 
0 0 0 -1 -1 -1 1 1 1 1 
0 0 0 -1 -1 1 -1 1 1 1 
0 0 0 -1 1 -1 1 -1 1 1 
0 0 0 -1 1 1 -1 -1 1 -1 
0 0 0 1 -1 -1 1 1 -1 1 
0 0 0 1 -1 1 -1 1 -1 -1 
0 0 0 1 1 -1 1 -1 -1 -1 
0 0 0 1 1 1 -1 -1 -1 -1 
0 0 0 1 1 1 -1 -1 -1 1 
0 0 1 -1 -1 1 1 1 -1 -1 
0 1 0 -1 1 -1 -1 1 1 -1 
0 1 1 -1 1 1 -1 1 -1 1 
1 -1 -1 -1 1 -1 -1 1 -1 -1 
1 -1 0 -1 -1 1 -1 -1 1 1 
1 -1 1 1 1 1 1 1 1 -1 
1 0 0 1 -1 -1 -1 1 -1 1 
1 0 1 -1 1 -1 1 -1 -1 1 
1 1 -1 -1 -1 1 1 -1 -1 -1 
1 1 -1 1 1 1 1 1 1 1 
1 1 1 1 -1 -1 -1 -1 1 -1 
bd2cat-3-32-16-20-8
-1 -1 -1 -1 -1 -1 -1 -1 -1 -1 -1 
-1 -1 0 1 -1 1 -1 1 1 -1 1 
-1 -1 1 -1 1 -1 1 1 -1 1 -1 
-1 0 -1 1 1 1 1 -1 -1 1 1 
-1 0 0 1 -1 -1 1 -1 1 1 1 
-1 1 -1 -1 1 1 1 1 1 -1 -1 
-1 1 1 -1 1 -1 -1 -1 1 -1 1 
-1 1 1 1 -1 1 -1 1 -1 1 -1 
0 -1 0 -1 1 1 -1 1 1 1 1 
0 -1 1 1 1 1 1 -1 1 -1 -1 
0 0 -1 1 1 -1 -1 1 1 1 -1 
0 0 0 -1 -1 -1 1 1 1 1 1 
0 0 0 -1 -1 1 -1 -1 1 1 -1 
0 0 0 -1 -1 1 1 -1 1 1 -1 
0 0 0 -1 -1 1 1 1 -1 -1 1 
0 0 0 -1 1 1 -1 -1 -1 1 1 
0 0 0 1 -1 -1 1 1 1 -1 -1 
0 0 0 1 1 -1 -1 -1 1 1 -1 
0 0 0 1 1 -1 -1 1 -1 -1 1 
0 0 0 1 1 -1 1 1 -1 -1 1 
0 0 0 1 1 1 -1 -1 -1 -1 -1 
0 0 1 -1 -1 1 1 -1 -1 -1 1 
0 1 -1 -1 -1 -1 -1 1 -1 1 1 
0 1 0 1 -1 -1 1 -1 -1 -1 -1 
1 -1 -1 -1 1 -1 1 -1 1 -1 1 
1 -1 -1 1 -1 1 1 1 -1 1 -1 
1 -1 1 1 -1 -1 -1 -1 -1 1 1 
1 0 0 -1 1 1 -1 1 -1 -1 -1 
1 0 1 -1 -1 -1 -1 1 1 -1 -1 
1 1 -1 1 -1 1 -1 -1 1 -1 1 
1 1 0 -1 1 -1 1 -1 -1 1 -1 
1 1 1 1 1 1 1 1 1 1 1 
bd2cat-4-20-4-8-2
-1 -1 -1 0 1 1 
-1 -1 0 -1 -1 -1 
-1 -1 1 1 -1 -1 
-1 0 -1 -1 1 -1 
-1 0 1 1 1 1 
-1 1 -1 0 -1 1 
-1 1 0 1 1 -1 
-1 1 1 -1 -1 1 
0 -1 -1 1 -1 1 
0 -1 1 -1 1 1 
0 1 -1 1 -1 -1 
0 1 1 -1 1 -1 
1 -1 -1 1 1 -1 
1 -1 0 -1 -1 1 
1 -1 1 0 1 -1 
1 0 -1 -1 -1 -1 
1 0 1 1 -1 1 
1 1 -1 -1 1 1 
1 1 0 1 1 1 
1 1 1 0 -1 -1 
bd2cat-4-20-8-12-2
-1 -1 -1 -1 -1 -1 
-1 -1 1 1 1 -1 
-1 0 0 0 -1 1 
-1 0 1 -1 1 1 
-1 1 -1 0 1 1 
-1 1 0 1 -1 -1 
0 -1 -1 1 1 1 
0 -1 0 0 -1 1 
0 0 -1 0 1 -1 
0 0 0 -1 1 -1 
0 0 0 1 -1 1 
0 0 1 0 -1 1 
0 1 0 0 1 -1 
0 1 1 -1 -1 -1 
1 -1 0 -1 1 1 
1 -1 1 0 -1 -1 
1 0 -1 1 -1 -1 
1 0 0 0 1 -1 
1 1 -1 -1 -1 1 
1 1 1 1 1 1 
bd2cat-4-24-4-8-2
-1 -1 -1 0 1 1 
-1 -1 0 -1 -1 -1 
-1 -1 0 1 1 1 
-1 -1 1 0 -1 -1 
-1 0 -1 -1 1 -1 
-1 0 1 1 1 -1 
-1 1 -1 1 -1 -1 
-1 1 -1 1 -1 1 
-1 1 1 -1 -1 1 
-1 1 1 -1 1 1 
0 -1 -1 -1 -1 1 
0 -1 1 1 -1 1 
0 1 -1 -1 1 -1 
0 1 1 1 1 -1 
1 -1 -1 1 -1 -1 
1 -1 -1 1 1 -1 
1 -1 1 -1 1 -1 
1 -1 1 -1 1 1 
1 0 -1 -1 -1 1 
1 0 1 1 -1 1 
1 1 -1 0 1 1 
1 1 0 -1 -1 -1 
1 1 0 1 1 1 
1 1 1 0 -1 -1 
bd2cat-4-24-4-8-3
-1 -1 -1 1 1 1 -1 
-1 -1 0 -1 -1 -1 -1 
-1 -1 1 -1 1 -1 1 
-1 -1 1 0 -1 1 1 
-1 0 -1 -1 -1 1 -1 
-1 0 -1 1 1 -1 1 
-1 1 -1 -1 1 1 1 
-1 1 0 1 -1 -1 -1 
-1 1 1 0 1 -1 -1 
-1 1 1 1 -1 1 1 
0 -1 -1 1 -1 -1 1 
0 -1 1 1 1 1 -1 
0 1 -1 -1 -1 -1 1 
0 1 1 -1 1 1 -1 
1 -1 -1 -1 1 -1 -1 
1 -1 -1 0 -1 1 1 
1 -1 0 -1 1 1 1 
1 -1 1 1 -1 -1 -1 
1 0 1 -1 -1 1 -1 
1 0 1 1 1 -1 1 
1 1 -1 0 1 -1 -1 
1 1 -1 1 -1 1 -1 
1 1 0 1 1 1 1 
1 1 1 -1 -1 -1 1 
bd2cat-4-24-4-8-4
-1 -1 -1 -1 1 1 -1 -1 
-1 -1 -1 0 -1 -1 1 -1 
-1 -1 0 -1 1 -1 1 1 
-1 -1 1 1 -1 1 -1 1 
-1 0 -1 1 -1 1 1 1 
-1 0 1 1 1 -1 -1 -1 
-1 1 -1 1 1 -1 -1 1 
-1 1 0 -1 -1 1 -1 -1 
-1 1 1 -1 1 1 1 1 
-1 1 1 0 -1 -1 1 -1 
0 -1 1 -1 -1 -1 -1 1 
0 -1 1 1 1 1 1 -1 
0 1 -1 -1 -1 -1 -1 1 
0 1 -1 1 1 1 1 -1 
1 -1 -1 0 1 1 -1 1 
1 -1 -1 1 -1 -1 -1 -1 
1 -1 0 1 1 -1 1 1 
1 -1 1 -1 -1 1 1 -1 
1 0 -1 -1 -1 1 1 1 
1 0 1 -1 1 -1 -1 -1 
1 1 -1 -1 1 -1 1 -1 
1 1 0 1 -1 1 -1 -1 
1 1 1 0 1 1 -1 1 
1 1 1 1 -1 -1 1 1 
bd2cat-4-24-8-12-2
-1 -1 -1 1 1 -1 
-1 -1 0 0 1 1 
-1 -1 1 -1 -1 -1 
-1 0 0 -1 -1 1 
-1 0 1 0 1 1 
-1 1 -1 -1 1 -1 
-1 1 -1 1 -1 1 
-1 1 1 1 -1 -1 
0 -1 -1 0 -1 -1 
0 -1 0 1 -1 1 
0 0 -1 -1 -1 1 
0 0 0 0 -1 -1 
0 0 0 0 1 1 
0 0 1 1 1 -1 
0 1 0 -1 1 -1 
0 1 1 0 1 1 
1 -1 -1 -1 1 1 
1 -1 1 -1 1 -1 
1 -1 1 1 -1 1 
1 0 -1 0 -1 -1 
1 0 0 1 1 -1 
1 1 -1 1 1 1 
1 1 0 0 -1 -1 
1 1 1 -1 -1 1 
bd2cat-4-24-8-12-3
-1 -1 -1 -1 1 1 -1 
-1 -1 0 0 -1 1 -1 
-1 -1 1 1 1 -1 1 
-1 0 -1 0 -1 -1 1 
-1 0 0 -1 1 -1 1 
-1 1 -1 1 -1 -1 -1 
-1 1 1 -1 -1 1 1 
-1 1 1 1 1 1 -1 
0 -1 0 1 -1 1 1 
0 -1 1 0 -1 -1 -1 
0 0 -1 1 1 1 1 
0 0 0 0 -1 1 1 
0 0 0 0 1 -1 -1 
0 0 1 -1 -1 -1 -1 
0 1 -1 0 1 1 1 
0 1 0 -1 1 -1 -1 
1 -1 -1 -1 -1 -1 1 
1 -1 -1 1 1 -1 -1 
1 -1 1 -1 1 1 1 
1 0 0 1 -1 1 -1 
1 0 1 0 1 1 -1 
1 1 -1 -1 -1 1 -1 
1 1 0 0 1 -1 1 
1 1 1 1 -1 -1 1 
bd2cat-4-24-8-12-4
-1 -1 -1 -1 -1 1 1 1 
-1 -1 -1 1 1 -1 1 -1 
-1 -1 1 -1 1 -1 -1 1 
-1 0 0 1 -1 1 -1 -1 
-1 0 1 0 -1 -1 1 -1 
-1 1 -1 -1 1 1 -1 -1 
-1 1 0 0 -1 -1 -1 1 
-1 1 1 1 1 1 1 1 
0 -1 0 1 1 1 -1 1 
0 -1 1 0 -1 1 -1 -1 
0 0 -1 1 -1 -1 -1 1 
0 0 0 0 -1 1 1 1 
0 0 0 0 1 -1 -1 -1 
0 0 1 -1 1 1 1 -1 
0 1 -1 0 1 -1 1 1 
0 1 0 -1 -1 -1 1 -1 
1 -1 -1 -1 -1 -1 -1 -1 
1 -1 0 0 1 1 1 -1 
1 -1 1 1 -1 -1 1 1 
1 0 -1 0 1 1 -1 1 
1 0 0 -1 1 -1 1 1 
1 1 -1 1 -1 1 1 -1 
1 1 1 -1 -1 1 -1 1 
1 1 1 1 1 -1 -1 -1 
bd2cat-4-28-12-16-2
-1 -1 -1 -1 -1 -1 
-1 -1 0 1 1 1 
-1 -1 1 0 1 -1 
-1 0 0 0 1 1 
-1 0 1 -1 -1 1 
-1 1 -1 -1 1 -1 
-1 1 -1 1 -1 1 
-1 1 1 1 -1 -1 
0 -1 -1 1 -1 -1 
0 -1 0 0 -1 1 
0 0 -1 0 1 1 
0 0 0 -1 -1 1 
0 0 0 0 -1 -1 
0 0 0 0 -1 1 
0 0 0 0 1 -1 
0 0 0 0 1 1 
0 0 0 1 1 -1 
0 0 1 0 -1 -1 
0 1 0 0 1 -1 
0 1 1 -1 1 1 
1 -1 -1 -1 1 1 
1 -1 1 -1 1 -1 
1 -1 1 1 -1 1 
1 0 -1 1 1 -1 
1 0 0 0 -1 -1 
1 1 -1 0 -1 1 
1 1 0 -1 -1 -1 
1 1 1 1 1 1 
bd2cat-4-28-4-8-2
-1 -1 -1 -1 -1 1 
-1 -1 -1 1 1 1 
-1 -1 0 -1 1 -1 
-1 -1 0 1 -1 -1 
-1 -1 1 0 1 1 
-1 0 -1 1 -1 -1 
-1 0 1 -1 1 -1 
-1 1 -1 -1 -1 1 
-1 1 -1 0 1 -1 
-1 1 1 -1 -1 1 
-1 1 1 1 -1 -1 
-1 1 1 1 1 1 
0 -1 1 -1 -1 -1 
0 -1 1 1 -1 1 
0 1 -1 -1 1 -1 
0 1 -1 1 1 1 
1 -1 -1 -1 -1 -1 
1 -1 -1 -1 1 1 
1 -1 -1 1 1 -1 
1 -1 1 0 -1 1 
1 -1 1 1 1 -1 
1 0 -1 1 -1 1 
1 0 1 -1 1 1 
1 1 -1 0 -1 -1 
1 1 0 -1 1 1 
1 1 0 1 -1 1 
1 1 1 -1 -1 -1 
1 1 1 1 1 -1 
bd2cat-4-28-8-12-2
-1 -1 -1 -1 1 -1 
-1 -1 0 -1 -1 1 
-1 -1 1 0 -1 -1 
-1 -1 1 1 1 1 
-1 0 -1 0 1 1 
-1 0 0 1 1 -1 
-1 1 -1 -1 -1 -1 
-1 1 -1 1 -1 1 
-1 1 1 -1 1 1 
-1 1 1 1 -1 -1 
0 -1 -1 1 -1 1 
0 -1 0 0 -1 -1 
0 0 -1 1 1 -1 
0 0 0 0 -1 1 
0 0 0 0 1 -1 
0 0 1 -1 -1 1 
0 1 0 0 1 1 
0 1 1 -1 1 -1 
1 -1 -1 -1 1 1 
1 -1 -1 1 -1 -1 
1 -1 1 -1 1 -1 
1 -1 1 1 1 1 
1 0 0 -1 -1 1 
1 0 1 0 -1 -1 
1 1 -1 -1 -1 -1 
1 1 -1 0 1 1 
1 1 0 1 1 -1 
1 1 1 1 -1 1 
bd2cat-4-32-12-16-6
-1 -1 -1 0 -1 -1 1 1 1 1 
-1 -1 0 -1 1 1 -1 -1 -1 -1 
-1 -1 0 1 1 1 1 -1 1 -1 
-1 -1 1 0 -1 -1 -1 1 -1 1 
-1 0 -1 -1 -1 1 -1 -1 1 1 
-1 0 1 1 1 -1 -1 1 1 -1 
-1 1 -1 1 -1 1 -1 1 -1 -1 
-1 1 -1 1 1 -1 1 -1 -1 1 
-1 1 1 -1 -1 -1 1 -1 1 -1 
-1 1 1 -1 1 1 1 1 -1 1 
0 -1 -1 -1 1 -1 1 1 -1 -1 
0 -1 1 1 -1 1 1 -1 -1 1 
0 0 0 0 -1 -1 -1 -1 -1 -1 
0 0 0 0 -1 -1 1 -1 -1 -1 
0 0 0 0 -1 1 1 1 -1 -1 
0 0 0 0 -1 1 1 1 1 -1 
0 0 0 0 1 -1 -1 -1 -1 1 
0 0 0 0 1 -1 -1 -1 1 1 
0 0 0 0 1 1 -1 1 1 1 
0 0 0 0 1 1 1 1 1 1 
0 1 -1 -1 1 -1 -1 1 1 -1 
0 1 1 1 -1 1 -1 -1 1 1 
1 -1 -1 1 -1 -1 -1 -1 1 -1 
1 -1 -1 1 1 1 -1 1 -1 1 
1 -1 1 -1 -1 1 -1 1 1 -1 
1 -1 1 -1 1 -1 1 -1 1 1 
1 0 -1 -1 -1 1 1 -1 -1 1 
1 0 1 1 1 -1 1 1 -1 -1 
1 1 -1 0 1 1 1 -1 1 -1 
1 1 0 -1 -1 -1 -1 1 -1 1 
1 1 0 1 -1 -1 1 1 1 1 
1 1 1 0 1 1 -1 -1 -1 -1 
bd2cat-4-32-12-16-7
-1 -1 -1 -1 1 1 1 1 1 1 -1 
-1 -1 -1 1 -1 -1 -1 -1 -1 -1 -1 
-1 -1 1 -1 1 -1 -1 -1 -1 1 1 
-1 -1 1 1 -1 1 1 1 1 -1 1 
-1 0 0 0 -1 1 1 -1 -1 1 -1 
-1 0 0 0 1 -1 -1 1 1 -1 1 
-1 1 -1 -1 -1 1 -1 1 -1 -1 1 
-1 1 -1 1 1 -1 1 -1 1 1 1 
-1 1 1 -1 -1 -1 1 -1 1 -1 -1 
-1 1 1 1 1 1 -1 1 -1 1 -1 
0 -1 0 0 -1 -1 -1 1 1 1 -1 
0 -1 0 0 1 1 1 -1 -1 -1 1 
0 0 -1 0 -1 1 -1 -1 1 1 1 
0 0 -1 0 1 -1 1 1 -1 -1 -1 
0 0 0 -1 -1 -1 1 1 -1 1 1 
0 0 0 -1 1 1 -1 -1 1 -1 -1 
0 0 0 1 -1 -1 1 1 -1 1 1 
0 0 0 1 1 1 -1 -1 1 -1 -1 
0 0 1 0 -1 1 -1 -1 1 1 1 
0 0 1 0 1 -1 1 1 -1 -1 -1 
0 1 0 0 -1 -1 -1 1 1 1 -1 
0 1 0 0 1 1 1 -1 -1 -1 1 
1 -1 -1 -1 -1 -1 1 -1 1 -1 1 
1 -1 -1 1 1 1 -1 1 -1 1 1 
1 -1 1 -1 -1 1 -1 1 -1 -1 -1 
1 -1 1 1 1 -1 1 -1 1 1 -1 
1 0 0 0 -1 1 1 -1 -1 1 -1 
1 0 0 0 1 -1 -1 1 1 -1 1 
1 1 -1 -1 1 -1 -1 -1 -1 1 -1 
1 1 -1 1 -1 1 1 1 1 -1 -1 
1 1 1 -1 1 1 1 1 1 1 1 
1 1 1 1 -1 -1 -1 -1 -1 -1 1 
bd2cat-4-32-12-16-8
-1 -1 -1 -1 -1 -1 -1 1 1 1 1 -1 
-1 -1 -1 1 -1 1 1 -1 -1 1 -1 1 
-1 -1 1 -1 1 1 1 -1 1 -1 1 1 
-1 -1 1 1 1 -1 -1 1 -1 -1 -1 -1 
-1 0 0 0 -1 1 -1 1 -1 -1 1 1 
-1 0 0 0 1 -1 1 -1 1 1 -1 -1 
-1 1 -1 -1 1 -1 1 1 -1 -1 -1 1 
-1 1 -1 1 1 1 -1 -1 1 -1 1 -1 
-1 1 1 -1 -1 1 -1 -1 -1 1 -1 -1 
-1 1 1 1 -1 -1 1 1 1 1 1 1 
0 -1 0 0 -1 -1 1 -1 -1 -1 1 -1 
0 -1 0 0 1 1 -1 1 1 1 -1 1 
0 0 -1 0 -1 1 1 1 1 -1 -1 -1 
0 0 -1 0 1 -1 -1 -1 -1 1 1 1 
0 0 0 -1 -1 -1 -1 -1 1 -1 -1 1 
0 0 0 -1 1 1 1 1 -1 1 1 -1 
0 0 0 1 -1 -1 -1 -1 1 -1 -1 1 
0 0 0 1 1 1 1 1 -1 1 1 -1 
0 0 1 0 -1 1 1 1 1 -1 -1 -1 
0 0 1 0 1 -1 -1 -1 -1 1 1 1 
0 1 0 0 -1 -1 1 -1 -1 -1 1 -1 
0 1 0 0 1 1 -1 1 1 1 -1 1 
1 -1 -1 -1 1 1 -1 -1 -1 -1 -1 -1 
1 -1 -1 1 1 -1 1 1 1 -1 1 1 
1 -1 1 -1 -1 -1 1 1 -1 1 -1 1 
1 -1 1 1 -1 1 -1 -1 1 1 1 -1 
1 0 0 0 -1 1 -1 1 -1 -1 1 1 
1 0 0 0 1 -1 1 -1 1 1 -1 -1 
1 1 -1 -1 -1 1 1 -1 1 1 1 1 
1 1 -1 1 -1 -1 -1 1 -1 1 -1 -1 
1 1 1 -1 1 -1 -1 1 1 -1 1 -1 
1 1 1 1 1 1 1 -1 -1 -1 -1 1 
bd2cat-4-32-16-20-3
-1 -1 -1 -1 1 1 -1 
-1 -1 -1 0 -1 -1 -1 
-1 -1 1 1 1 1 1 
-1 0 0 0 -1 -1 1 
-1 0 1 -1 -1 1 1 
-1 1 -1 1 1 -1 1 
-1 1 0 1 -1 1 -1 
-1 1 1 -1 1 -1 -1 
0 -1 0 0 1 -1 1 
0 -1 1 1 -1 -1 -1 
0 0 -1 0 -1 1 1 
0 0 0 -1 -1 -1 1 
0 0 0 0 -1 -1 -1 
0 0 0 0 -1 -1 1 
0 0 0 0 -1 1 -1 
0 0 0 0 -1 1 1 
0 0 0 0 1 -1 -1 
0 0 0 0 1 -1 1 
0 0 0 0 1 1 -1 
0 0 0 0 1 1 1 
0 0 0 1 1 1 -1 
0 0 1 0 1 -1 -1 
0 1 -1 -1 1 1 1 
0 1 0 0 -1 1 -1 
1 -1 -1 1 -1 1 1 
1 -1 0 -1 1 -1 1 
1 -1 1 -1 -1 1 -1 
1 0 -1 1 1 -1 -1 
1 0 0 0 1 1 -1 
1 1 -1 -1 -1 -1 -1 
1 1 1 0 1 1 1 
1 1 1 1 -1 -1 1 
bd2cat-4-32-16-20-4
-1 -1 -1 -1 -1 1 -1 -1 
-1 -1 -1 1 1 1 1 1 
-1 -1 1 1 1 -1 -1 -1 
-1 0 0 0 -1 -1 1 1 
-1 0 1 -1 1 -1 1 -1 
-1 1 -1 0 -1 -1 -1 -1 
-1 1 0 -1 1 1 1 1 
-1 1 1 1 -1 1 -1 1 
0 -1 0 0 -1 -1 1 1 
0 -1 1 -1 -1 1 -1 1 
0 0 -1 0 1 -1 -1 1 
0 0 0 -1 1 -1 -1 1 
0 0 0 0 -1 -1 -1 1 
0 0 0 0 -1 -1 1 -1 
0 0 0 0 -1 -1 1 1 
0 0 0 0 -1 1 1 -1 
0 0 0 0 1 -1 -1 1 
0 0 0 0 1 1 -1 -1 
0 0 0 0 1 1 -1 1 
0 0 0 0 1 1 1 -1 
0 0 0 1 -1 1 1 -1 
0 0 1 0 -1 1 1 -1 
0 1 -1 1 1 -1 1 -1 
0 1 0 0 1 1 -1 -1 
1 -1 -1 -1 1 -1 1 -1 
1 -1 0 1 -1 -1 -1 -1 
1 -1 1 0 1 1 1 1 
1 0 -1 1 -1 1 -1 1 
1 0 0 0 1 1 -1 -1 
1 1 -1 -1 -1 1 1 1 
1 1 1 -1 -1 -1 -1 -1 
1 1 1 1 1 -1 1 1 
bd2cat-4-32-16-20-5
-1 -1 -1 0 1 1 -1 1 -1 
-1 -1 0 1 -1 1 1 -1 1 
-1 -1 1 -1 -1 -1 -1 -1 -1 
-1 0 0 0 1 1 1 -1 -1 
-1 0 1 1 1 -1 1 1 1 
-1 1 -1 -1 -1 -1 1 -1 1 
-1 1 -1 1 -1 -1 -1 1 -1 
-1 1 1 -1 1 1 -1 1 1 
0 -1 -1 -1 1 -1 1 1 1 
0 -1 0 0 -1 -1 -1 1 1 
0 0 -1 0 1 1 -1 -1 1 
0 0 0 -1 -1 1 1 1 -1 
0 0 0 0 -1 1 -1 -1 1 
0 0 0 0 -1 1 -1 1 1 
0 0 0 0 -1 1 1 1 -1 
0 0 0 0 -1 1 1 1 1 
0 0 0 0 1 -1 -1 -1 -1 
0 0 0 0 1 -1 -1 -1 1 
0 0 0 0 1 -1 1 -1 -1 
0 0 0 0 1 -1 1 1 -1 
0 0 0 1 1 -1 -1 -1 1 
0 0 1 0 -1 -1 1 1 -1 
0 1 0 0 1 1 1 -1 -1 
0 1 1 1 -1 1 -1 -1 -1 
1 -1 -1 1 -1 -1 1 -1 -1 
1 -1 1 -1 1 1 1 -1 1 
1 -1 1 1 1 1 -1 1 -1 
1 0 -1 -1 -1 1 -1 -1 -1 
1 0 0 0 -1 -1 -1 1 1 
1 1 -1 1 1 1 1 1 1 
1 1 0 -1 1 -1 -1 1 -1 
1 1 1 0 -1 -1 1 -1 1 
bd2cat-4-32-16-20-6
-1 -1 -1 1 -1 1 1 -1 1 -1 
-1 -1 0 -1 -1 -1 -1 -1 1 1 
-1 -1 1 0 1 -1 1 1 -1 -1 
-1 0 -1 -1 1 1 1 1 -1 1 
-1 0 0 0 1 1 -1 -1 -1 -1 
-1 1 -1 1 1 -1 -1 1 1 1 
-1 1 1 -1 -1 1 -1 1 1 -1 
-1 1 1 1 -1 -1 1 -1 -1 1 
0 -1 0 0 -1 -1 -1 1 -1 1 
0 -1 1 1 1 1 -1 1 1 1 
0 0 -1 0 -1 -1 -1 1 -1 -1 
0 0 0 -1 1 -1 1 -1 1 1 
0 0 0 0 -1 -1 1 1 1 -1 
0 0 0 0 -1 1 -1 -1 -1 1 
0 0 0 0 -1 1 1 1 -1 1 
0 0 0 0 -1 1 1 1 1 1 
0 0 0 0 1 -1 -1 -1 -1 -1 
0 0 0 0 1 -1 -1 -1 1 -1 
0 0 0 0 1 -1 1 1 1 -1 
0 0 0 0 1 1 -1 -1 -1 1 
0 0 0 1 -1 1 -1 1 -1 -1 
0 0 1 0 1 1 1 -1 1 1 
0 1 -1 -1 -1 -1 1 -1 -1 -1 
0 1 0 0 1 1 1 -1 1 -1 
1 -1 -1 -1 1 1 -1 1 1 -1 
1 -1 -1 1 1 -1 1 -1 -1 1 
1 -1 1 -1 -1 1 1 -1 -1 -1 
1 0 0 0 -1 -1 1 1 1 1 
1 0 1 1 -1 -1 -1 -1 1 -1 
1 1 -1 0 -1 1 -1 -1 1 1 
1 1 0 1 1 1 1 1 -1 -1 
1 1 1 -1 1 -1 -1 1 -1 1 
bd2cat-4-32-16-20-7
-1 -1 -1 0 -1 -1 -1 -1 -1 1 1 
-1 -1 1 -1 1 -1 -1 1 -1 -1 -1 
-1 -1 1 1 1 1 1 1 1 1 1 
-1 0 -1 -1 1 1 1 -1 1 1 -1 
-1 0 0 0 -1 1 -1 -1 1 -1 1 
-1 1 -1 1 1 -1 -1 1 1 -1 -1 
-1 1 0 -1 -1 1 1 1 -1 -1 1 
-1 1 1 1 -1 -1 1 -1 -1 1 -1 
0 -1 -1 1 -1 1 1 1 -1 -1 -1 
0 -1 0 0 -1 -1 1 -1 1 -1 -1 
0 0 -1 0 1 -1 1 1 -1 1 1 
0 0 0 -1 -1 -1 1 1 1 1 -1 
0 0 0 0 -1 -1 -1 1 1 1 1 
0 0 0 0 -1 -1 1 1 1 -1 1 
0 0 0 0 -1 1 -1 1 -1 1 -1 
0 0 0 0 -1 1 -1 1 1 1 -1 
0 0 0 0 1 -1 1 -1 -1 -1 1 
0 0 0 0 1 -1 1 -1 1 -1 1 
0 0 0 0 1 1 -1 -1 -1 1 -1 
0 0 0 0 1 1 1 -1 -1 -1 -1 
0 0 0 1 1 1 -1 -1 -1 -1 1 
0 0 1 0 -1 1 -1 -1 1 -1 -1 
0 1 0 0 1 1 -1 1 -1 1 1 
0 1 1 -1 1 -1 -1 -1 1 1 1 
1 -1 -1 -1 1 1 -1 1 1 -1 1 
1 -1 0 1 1 -1 -1 -1 1 1 -1 
1 -1 1 -1 -1 1 1 -1 -1 1 1 
1 0 0 0 1 -1 1 1 -1 1 -1 
1 0 1 1 -1 -1 -1 1 -1 -1 1 
1 1 -1 -1 -1 -1 -1 -1 -1 -1 -1 
1 1 -1 1 -1 1 1 -1 1 1 1 
1 1 1 0 1 1 1 1 1 -1 -1 
bd2cat-4-32-16-20-8
-1 -1 -1 -1 1 1 1 1 1 -1 1 -1 
-1 -1 1 -1 -1 -1 1 1 -1 1 -1 1 
-1 -1 1 1 -1 -1 -1 -1 1 -1 1 -1 
-1 0 -1 0 -1 1 -1 -1 -1 1 1 1 
-1 0 0 1 1 1 1 -1 -1 1 -1 -1 
-1 1 -1 1 -1 -1 1 1 1 -1 -1 1 
-1 1 0 0 1 -1 -1 1 -1 1 1 -1 
-1 1 1 -1 1 1 -1 -1 1 -1 -1 1 
0 -1 -1 0 1 -1 -1 -1 1 1 -1 1 
0 -1 0 1 1 1 -1 1 -1 -1 -1 1 
0 0 -1 -1 -1 -1 -1 -1 -1 -1 -1 -1 
0 0 0 0 -1 1 -1 1 -1 -1 -1 -1 
0 0 0 0 -1 1 -1 1 1 1 -1 -1 
0 0 0 0 -1 1 -1 1 1 1 1 1 
0 0 0 0 -1 1 1 -1 -1 -1 1 1 
0 0 0 0 -1 1 1 -1 1 1 -1 -1 
0 0 0 0 1 -1 -1 1 -1 -1 1 1 
0 0 0 0 1 -1 -1 1 1 1 -1 -1 
0 0 0 0 1 -1 1 -1 -1 -1 -1 -1 
0 0 0 0 1 -1 1 -1 -1 -1 1 1 
0 0 0 0 1 -1 1 -1 1 1 1 1 
0 0 1 1 1 1 1 1 1 1 1 1 
0 1 0 -1 -1 -1 1 -1 1 1 1 -1 
0 1 1 0 -1 1 1 1 -1 -1 1 -1 
1 -1 -1 1 -1 -1 1 1 -1 1 1 -1 
1 -1 0 0 -1 1 1 -1 1 -1 -1 1 
1 -1 1 -1 1 1 -1 -1 -1 1 1 -1 
1 0 0 -1 -1 -1 -1 1 1 -1 1 1 
1 0 1 0 1 -1 1 1 1 -1 -1 -1 
1 1 -1 -1 1 1 1 1 -1 1 -1 1 
1 1 -1 1 1 1 -1 -1 1 -1 1 -1 
1 1 1 1 -1 -1 -1 -1 -1 1 -1 1 
bd2cat-4-32-16-24-6
-1 -1 0 0 -1 1 1 1 1 1 
-1 -1 0 0 1 1 -1 1 -1 -1 
-1 0 -1 0 1 -1 1 -1 -1 -1 
-1 0 0 -1 -1 1 -1 -1 -1 -1 
-1 0 0 -1 1 -1 1 -1 1 1 
-1 0 1 0 -1 -1 -1 -1 1 1 
-1 1 -1 1 1 1 -1 1 1 1 
-1 1 1 1 -1 -1 1 1 -1 -1 
0 -1 -1 1 -1 -1 -1 -1 1 -1 
0 -1 0 0 -1 -1 -1 1 -1 1 
0 -1 0 0 1 -1 1 1 -1 1 
0 -1 1 1 1 1 1 -1 1 -1 
0 0 -1 0 -1 -1 1 1 1 -1 
0 0 -1 0 -1 1 1 -1 -1 1 
0 0 0 -1 -1 1 1 1 1 -1 
0 0 0 -1 1 -1 -1 1 1 -1 
0 0 0 1 -1 1 1 -1 -1 1 
0 0 0 1 1 -1 -1 -1 -1 1 
0 0 1 0 1 -1 -1 1 1 -1 
0 0 1 0 1 1 -1 -1 -1 1 
0 1 -1 -1 -1 -1 -1 1 -1 1 
0 1 0 0 -1 1 -1 -1 1 -1 
0 1 0 0 1 1 1 -1 1 -1 
0 1 1 -1 1 1 1 1 -1 1 
1 -1 -1 -1 1 1 -1 -1 1 1 
1 -1 1 -1 -1 -1 1 -1 -1 -1 
1 0 -1 0 1 1 1 1 -1 -1 
1 0 0 1 -1 1 -1 1 -1 -1 
1 0 0 1 1 -1 1 1 1 1 
1 0 1 0 -1 1 -1 1 1 1 
1 1 0 0 -1 -1 1 -1 1 1 
1 1 0 0 1 -1 -1 -1 -1 -1 
bd2cat-4-32-16-24-7
-1 -1 0 0 -1 1 -1 1 1 1 -1 
-1 -1 0 0 1 1 1 1 -1 1 1 
-1 0 -1 -1 -1 -1 -1 -1 -1 -1 1 
-1 0 0 0 1 -1 -1 1 1 -1 1 
-1 0 0 1 1 -1 1 1 -1 -1 -1 
-1 0 1 0 -1 -1 1 -1 1 -1 -1 
-1 1 -1 1 -1 1 1 -1 1 1 1 
-1 1 1 -1 1 1 -1 -1 -1 1 -1 
0 -1 -1 -1 1 -1 1 -1 1 1 -1 
0 -1 0 0 1 1 -1 -1 1 -1 1 
0 -1 0 1 -1 1 -1 -1 -1 -1 -1 
0 -1 1 0 -1 -1 1 -1 -1 1 1 
0 0 -1 0 -1 -1 -1 1 -1 1 -1 
0 0 -1 0 1 1 1 -1 -1 -1 -1 
0 0 0 -1 -1 1 1 1 -1 -1 1 
0 0 0 -1 -1 1 1 1 1 -1 -1 
0 0 0 1 1 -1 -1 -1 -1 1 1 
0 0 0 1 1 -1 -1 -1 1 1 -1 
0 0 1 0 -1 -1 -1 1 1 1 1 
0 0 1 0 1 1 1 -1 1 -1 1 
0 1 -1 0 1 1 -1 1 1 -1 -1 
0 1 0 -1 1 -1 1 1 1 1 1 
0 1 0 0 -1 -1 1 1 -1 1 -1 
0 1 1 1 -1 1 -1 1 -1 -1 1 
1 -1 -1 1 -1 -1 1 1 1 -1 1 
1 -1 1 -1 1 -1 -1 1 -1 -1 -1 
1 0 -1 0 1 1 -1 1 -1 1 1 
1 0 0 -1 -1 1 -1 -1 1 1 1 
1 0 0 0 -1 1 1 -1 -1 1 -1 
1 0 1 1 1 1 1 1 1 1 -1 
1 1 0 0 -1 -1 -1 -1 1 -1 -1 
1 1 0 0 1 -1 1 -1 -1 -1 1 
bd2cat-4-32-16-24-8
-1 -1 0 -1 1 -1 1 -1 1 -1 1 1 
-1 -1 0 1 -1 -1 1 -1 -1 -1 -1 -1 
-1 0 -1 0 -1 1 -1 1 1 -1 1 -1 
-1 0 0 0 -1 -1 -1 1 -1 1 1 -1 
-1 0 0 0 1 -1 -1 1 1 1 -1 1 
-1 0 1 -1 -1 1 1 1 -1 1 -1 1 
-1 1 -1 1 1 1 1 -1 -1 1 1 1 
-1 1 1 0 1 1 -1 -1 1 -1 -1 -1 
0 -1 -1 0 1 1 -1 1 -1 -1 -1 1 
0 -1 0 0 1 1 1 1 1 1 1 -1 
0 -1 0 1 -1 1 -1 -1 1 1 -1 1 
0 -1 1 0 1 1 -1 -1 -1 1 1 -1 
0 0 -1 -1 -1 1 1 -1 1 1 -1 -1 
0 0 -1 -1 1 -1 -1 -1 -1 1 -1 -1 
0 0 0 -1 -1 1 -1 -1 -1 -1 1 1 
0 0 0 0 -1 -1 -1 -1 1 1 1 1 
0 0 0 0 1 1 1 1 -1 -1 -1 -1 
0 0 0 1 1 -1 1 1 1 1 -1 -1 
0 0 1 1 -1 1 1 1 1 -1 1 1 
0 0 1 1 1 -1 -1 1 -1 -1 1 1 
0 1 -1 0 -1 -1 1 1 1 -1 -1 1 
0 1 0 -1 1 -1 1 1 -1 -1 1 -1 
0 1 0 0 -1 -1 -1 -1 -1 -1 -1 1 
0 1 1 0 -1 -1 1 -1 1 1 1 -1 
1 -1 -1 0 -1 -1 1 1 -1 1 1 1 
1 -1 1 -1 -1 -1 -1 1 1 -1 -1 -1 
1 0 -1 1 1 -1 -1 -1 1 -1 1 -1 
1 0 0 0 -1 1 1 -1 -1 -1 1 -1 
1 0 0 0 1 1 1 -1 1 -1 -1 1 
1 0 1 0 1 -1 1 -1 -1 1 -1 1 
1 1 0 -1 1 1 -1 1 1 1 1 1 
1 1 0 1 -1 1 -1 1 -1 1 -1 -1 
bd2cat-5-24-4-8-2
-1 -1 -1 -1 0 1 1 
-1 -1 -1 -1 1 -1 -1 
-1 -1 0 1 -1 1 -1 
-1 -1 0 1 1 -1 1 
-1 0 1 -1 -1 -1 1 
-1 0 1 1 1 1 -1 
-1 1 -1 0 -1 1 1 
-1 1 -1 1 -1 -1 -1 
-1 1 1 -1 0 -1 -1 
-1 1 1 0 1 1 1 
0 -1 1 -1 -1 1 -1 
0 -1 1 1 -1 -1 1 
0 1 -1 -1 1 1 -1 
0 1 -1 1 1 -1 1 
1 -1 -1 0 -1 -1 -1 
1 -1 -1 1 0 1 1 
1 -1 1 -1 1 1 1 
1 -1 1 0 1 -1 -1 
1 0 -1 -1 -1 -1 1 
1 0 -1 1 1 1 -1 
1 1 0 -1 -1 1 -1 
1 1 0 -1 1 -1 1 
1 1 1 1 -1 1 1 
1 1 1 1 0 -1 -1 
bd2cat-5-24-8-12-2
-1 -1 -1 -1 1 1 -1 
-1 -1 0 1 0 -1 1 
-1 -1 1 -1 -1 -1 -1 
-1 0 -1 1 -1 1 1 
-1 0 0 0 1 -1 1 
-1 1 -1 0 0 -1 -1 
-1 1 1 -1 -1 1 1 
-1 1 1 1 1 1 -1 
0 -1 0 1 -1 1 -1 
0 -1 1 0 1 1 1 
0 0 -1 -1 0 1 1 
0 0 0 0 0 -1 1 
0 0 0 0 0 1 -1 
0 0 1 1 0 -1 -1 
0 1 -1 0 -1 -1 -1 
0 1 0 -1 1 -1 1 
1 -1 -1 -1 -1 -1 1 
1 -1 -1 1 1 -1 -1 
1 -1 1 0 0 1 1 
1 0 0 0 -1 1 -1 
1 0 1 -1 1 -1 -1 
1 1 -1 1 1 1 1 
1 1 0 -1 0 1 -1 
1 1 1 1 -1 -1 1 
bd2cat-5-28-12-16-2
-1 -1 -1 0 1 1 1 
-1 -1 -1 1 -1 1 -1 
-1 -1 1 -1 -1 -1 -1 
-1 0 0 0 0 -1 1 
-1 0 1 1 1 -1 1 
-1 1 -1 -1 1 -1 -1 
-1 1 0 -1 -1 1 1 
-1 1 1 1 0 1 -1 
0 -1 0 0 0 -1 1 
0 -1 1 -1 1 1 -1 
0 0 -1 0 0 -1 -1 
0 0 0 -1 0 1 1 
0 0 0 0 -1 -1 1 
0 0 0 0 0 -1 -1 
0 0 0 0 0 1 1 
0 0 0 0 1 1 -1 
0 0 0 1 0 -1 -1 
0 0 1 0 0 1 1 
0 1 -1 1 -1 -1 1 
0 1 0 0 0 1 -1 
1 -1 -1 -1 0 -1 1 
1 -1 0 1 1 -1 -1 
1 -1 1 1 -1 1 1 
1 0 -1 -1 -1 1 -1 
1 0 0 0 0 1 -1 
1 1 -1 1 1 1 1 
1 1 1 -1 1 -1 1 
1 1 1 0 -1 -1 -1 
bd2cat-5-28-4-8-2
-1 -1 -1 -1 0 1 1 
-1 -1 -1 0 -1 -1 -1 
-1 -1 0 1 1 -1 1 
-1 -1 1 0 -1 -1 1 
-1 -1 1 1 0 1 -1 
-1 0 -1 -1 1 1 -1 
-1 0 1 -1 1 -1 -1 
-1 1 -1 -1 -1 -1 1 
-1 1 -1 1 -1 1 -1 
-1 1 0 1 1 -1 -1 
-1 1 1 -1 1 1 1 
-1 1 1 1 -1 1 1 
0 -1 -1 1 1 1 1 
0 -1 1 -1 -1 1 -1 
0 1 -1 1 1 -1 1 
0 1 1 -1 -1 -1 -1 
1 -1 -1 -1 1 -1 -1 
1 -1 -1 1 -1 -1 -1 
1 -1 0 -1 -1 1 1 
1 -1 1 -1 1 -1 1 
1 -1 1 1 1 1 -1 
1 0 -1 1 -1 1 1 
1 0 1 1 -1 -1 1 
1 1 -1 -1 0 -1 1 
1 1 -1 0 1 1 -1 
1 1 0 -1 -1 1 -1 
1 1 1 0 1 1 1 
1 1 1 1 0 -1 -1 
bd2cat-5-28-8-12-2
-1 -1 -1 -1 1 1 -1 
-1 -1 0 0 1 1 1 
-1 -1 1 -1 -1 -1 -1 
-1 -1 1 1 -1 1 1 
-1 0 -1 1 1 -1 -1 
-1 0 0 -1 0 -1 1 
-1 1 -1 -1 -1 -1 1 
-1 1 -1 1 -1 1 -1 
-1 1 1 0 0 1 -1 
-1 1 1 1 1 -1 1 
0 -1 -1 1 0 -1 1 
0 -1 0 1 -1 -1 -1 
0 0 -1 0 -1 1 1 
0 0 0 0 0 -1 -1 
0 0 0 0 0 1 1 
0 0 1 0 1 -1 -1 
0 1 0 -1 1 1 1 
0 1 1 -1 0 1 -1 
1 -1 -1 -1 -1 1 -1 
1 -1 -1 0 0 -1 1 
1 -1 1 -1 1 -1 1 
1 -1 1 1 1 1 -1 
1 0 0 1 0 1 -1 
1 0 1 -1 -1 1 1 
1 1 -1 -1 1 -1 -1 
1 1 -1 1 1 1 1 
1 1 0 0 -1 -1 -1 
1 1 1 1 -1 -1 1 
bd2cat-5-32-16-20-3
-1 -1 -1 1 1 -1 -1 -1 
-1 -1 0 -1 1 1 -1 1 
-1 -1 1 0 -1 1 1 -1 
-1 0 -1 -1 -1 -1 1 -1 
-1 0 0 0 0 -1 1 1 
-1 1 -1 1 -1 1 -1 1 
-1 1 1 -1 0 -1 -1 1 
-1 1 1 1 1 1 1 -1 
0 -1 0 0 0 1 1 1 
0 -1 1 1 -1 -1 -1 1 
0 0 -1 0 0 1 1 1 
0 0 0 -1 0 1 -1 -1 
0 0 0 0 -1 1 -1 -1 
0 0 0 0 0 -1 -1 -1 
0 0 0 0 0 -1 1 -1 
0 0 0 0 0 -1 1 1 
0 0 0 0 0 1 -1 -1 
0 0 0 0 0 1 -1 1 
0 0 0 0 0 1 1 1 
0 0 0 0 1 -1 1 1 
0 0 0 1 0 -1 1 1 
0 0 1 0 0 -1 -1 -1 
0 1 -1 -1 1 1 1 -1 
0 1 0 0 0 -1 -1 -1 
1 -1 -1 -1 -1 -1 -1 1 
1 -1 -1 1 0 1 1 -1 
1 -1 1 -1 1 -1 1 -1 
1 0 0 0 0 1 -1 -1 
1 0 1 1 1 1 -1 1 
1 1 -1 0 1 -1 -1 1 
1 1 0 1 -1 -1 1 -1 
1 1 1 -1 -1 1 1 1 
bd2cat-5-32-16-20-4
-1 -1 -1 -1 -1 1 1 1 -1 
-1 -1 -1 1 1 1 -1 -1 -1 
-1 -1 1 -1 0 -1 -1 1 1 
-1 0 0 0 0 -1 1 -1 1 
-1 0 1 1 -1 1 -1 -1 1 
-1 1 -1 0 1 -1 -1 1 1 
-1 1 0 1 -1 -1 1 1 -1 
-1 1 1 -1 1 1 1 -1 -1 
0 -1 0 0 0 -1 1 -1 1 
0 -1 1 1 1 -1 1 1 -1 
0 0 -1 0 0 -1 1 -1 1 
0 0 0 -1 0 -1 -1 -1 -1 
0 0 0 0 -1 -1 -1 -1 -1 
0 0 0 0 0 -1 -1 -1 -1 
0 0 0 0 0 -1 -1 1 -1 
0 0 0 0 0 -1 1 -1 -1 
0 0 0 0 0 1 -1 1 1 
0 0 0 0 0 1 1 -1 1 
0 0 0 0 0 1 1 1 1 
0 0 0 0 1 1 1 1 1 
0 0 0 1 0 1 1 1 1 
0 0 1 0 0 1 -1 1 -1 
0 1 -1 -1 -1 1 -1 -1 1 
0 1 0 0 0 1 -1 1 -1 
1 -1 -1 1 -1 -1 -1 1 1 
1 -1 0 -1 1 1 -1 -1 1 
1 -1 1 0 -1 1 1 -1 -1 
1 0 -1 -1 1 -1 1 1 -1 
1 0 0 0 0 1 -1 1 -1 
1 1 -1 1 0 1 1 -1 -1 
1 1 1 -1 -1 -1 1 1 1 
1 1 1 1 1 -1 -1 -1 1 
bd2cat-5-32-16-20-5
-1 -1 -1 -1 -1 -1 -1 1 -1 -1 
-1 -1 0 -1 1 1 1 -1 1 1 
-1 -1 1 1 -1 -1 -1 -1 1 1 
-1 0 -1 1 1 1 -1 1 1 -1 
-1 0 0 0 0 1 1 -1 -1 -1 
-1 1 -1 1 0 -1 1 -1 -1 1 
-1 1 1 -1 1 -1 -1 1 -1 1 
-1 1 1 0 -1 1 1 1 1 -1 
0 -1 0 0 0 1 1 1 -1 1 
0 -1 1 1 1 -1 1 1 -1 -1 
0 0 -1 0 0 -1 1 1 1 1 
0 0 0 -1 0 -1 1 -1 1 -1 
0 0 0 0 -1 1 1 1 -1 1 
0 0 0 0 0 -1 1 -1 -1 -1 
0 0 0 0 0 -1 1 1 1 -1 
0 0 0 0 0 -1 1 1 1 1 
0 0 0 0 0 1 -1 -1 -1 -1 
0 0 0 0 0 1 -1 -1 -1 1 
0 0 0 0 0 1 -1 1 1 1 
0 0 0 0 1 -1 -1 -1 1 -1 
0 0 0 1 0 1 -1 1 -1 1 
0 0 1 0 0 1 -1 -1 -1 -1 
0 1 -1 -1 -1 1 -1 -1 1 1 
0 1 0 0 0 -1 -1 -1 1 -1 
1 -1 -1 0 1 -1 -1 -1 -1 1 
1 -1 -1 1 -1 1 1 -1 1 -1 
1 -1 1 -1 0 1 -1 1 1 -1 
1 0 0 0 0 -1 -1 1 1 1 
1 0 1 -1 -1 -1 1 -1 -1 1 
1 1 -1 -1 1 1 1 1 -1 -1 
1 1 0 1 -1 -1 -1 1 -1 -1 
1 1 1 1 1 1 1 -1 1 1 
bd2cat-5-32-16-20-6
-1 -1 -1 0 1 -1 1 1 1 -1 1 
-1 -1 0 -1 -1 -1 -1 -1 -1 -1 -1 
-1 -1 1 1 0 1 -1 1 -1 1 1 
-1 0 -1 1 -1 1 1 -1 1 1 -1 
-1 0 0 0 0 1 1 1 -1 -1 -1 
-1 1 -1 -1 1 1 -1 -1 -1 1 1 
-1 1 1 -1 -1 -1 1 1 1 1 1 
-1 1 1 1 1 -1 -1 -1 1 -1 -1 
0 -1 0 0 0 -1 -1 -1 1 1 1 
0 -1 1 -1 1 1 1 -1 1 1 -1 
0 0 -1 0 0 -1 -1 1 1 1 -1 
0 0 0 -1 0 1 -1 1 1 -1 -1 
0 0 0 0 -1 1 -1 -1 1 -1 1 
0 0 0 0 0 -1 -1 1 -1 1 -1 
0 0 0 0 0 -1 1 -1 -1 -1 1 
0 0 0 0 0 -1 1 -1 -1 1 -1 
0 0 0 0 0 1 -1 1 1 -1 1 
0 0 0 0 0 1 -1 1 1 1 -1 
0 0 0 0 0 1 1 -1 1 -1 1 
0 0 0 0 1 -1 1 1 -1 1 -1 
0 0 0 1 0 -1 1 -1 -1 1 1 
0 0 1 0 0 1 1 -1 -1 -1 1 
0 1 -1 1 -1 -1 -1 1 -1 -1 1 
0 1 0 0 0 1 1 1 -1 -1 -1 
1 -1 -1 -1 -1 1 1 1 -1 1 1 
1 -1 -1 1 1 1 -1 -1 -1 -1 -1 
1 -1 1 1 -1 -1 1 1 1 -1 -1 
1 0 0 0 0 -1 -1 -1 1 1 1 
1 0 1 -1 1 -1 -1 1 -1 -1 1 
1 1 -1 -1 0 -1 1 -1 1 -1 -1 
1 1 0 1 1 1 1 1 1 1 1 
1 1 1 0 -1 1 -1 -1 -1 1 -1 
bd2cat-5-32-16-24-6
-1 -1 -1 -1 -1 -1 -1 -1 -1 -1 -1 
-1 -1 1 0 0 -1 -1 1 1 1 1 
-1 0 -1 -1 1 1 1 1 -1 1 1 
-1 0 0 0 0 1 1 1 1 -1 -1 
-1 0 0 1 -1 1 1 -1 -1 1 1 
-1 0 0 1 0 -1 1 -1 1 1 -1 
-1 1 0 0 0 -1 -1 1 1 -1 1 
-1 1 1 0 1 1 -1 -1 -1 -1 -1 
0 -1 0 0 1 1 -1 -1 1 1 -1 
0 -1 0 1 0 1 -1 1 -1 -1 1 
0 -1 0 1 1 -1 1 1 -1 -1 -1 
0 -1 1 -1 0 1 1 -1 1 -1 1 
0 0 -1 0 0 1 -1 1 1 1 -1 
0 0 -1 0 1 -1 1 -1 1 -1 1 
0 0 -1 1 0 1 -1 -1 1 -1 1 
0 0 0 0 -1 1 1 1 1 -1 -1 
0 0 0 0 1 -1 -1 -1 -1 1 1 
0 0 1 -1 0 -1 1 1 -1 1 -1 
0 0 1 0 -1 1 -1 1 -1 1 -1 
0 0 1 0 0 -1 1 -1 -1 -1 1 
0 1 -1 1 0 -1 -1 1 -1 1 -1 
0 1 0 -1 -1 1 -1 -1 1 1 1 
0 1 0 -1 0 -1 1 -1 1 1 -1 
0 1 0 0 -1 -1 1 1 -1 -1 1 
1 -1 -1 0 -1 -1 1 1 1 1 1 
1 -1 0 0 0 1 1 -1 -1 1 -1 
1 0 0 -1 0 1 -1 1 -1 -1 1 
1 0 0 -1 1 -1 -1 1 1 -1 -1 
1 0 0 0 0 -1 -1 -1 -1 1 1 
1 0 1 1 -1 -1 -1 -1 1 -1 -1 
1 1 -1 0 0 1 1 -1 -1 -1 -1 
1 1 1 1 1 1 1 1 1 1 1 
bd2cat-5-32-16-24-7
-1 -1 -1 1 0 1 1 -1 1 1 1 1 
-1 -1 1 1 0 -1 -1 1 -1 1 1 -1 
-1 0 -1 0 -1 -1 -1 -1 -1 -1 -1 -1 
-1 0 0 -1 0 -1 -1 -1 1 -1 1 1 
-1 0 0 -1 1 1 1 1 -1 -1 1 -1 
-1 0 1 0 0 -1 1 1 1 -1 -1 1 
-1 1 0 0 -1 1 1 1 -1 1 -1 1 
-1 1 0 0 1 1 -1 -1 1 1 -1 -1 
0 -1 -1 0 0 1 -1 1 -1 -1 -1 1 
0 -1 0 -1 0 1 -1 1 1 1 -1 -1 
0 -1 0 -1 1 -1 1 -1 -1 1 -1 1 
0 -1 1 0 -1 1 1 -1 1 -1 -1 -1 
0 0 -1 -1 -1 -1 1 1 1 1 1 -1 
0 0 -1 1 1 -1 1 1 1 -1 -1 -1 
0 0 0 0 0 -1 -1 1 1 1 -1 1 
0 0 0 0 0 -1 1 -1 -1 1 -1 -1 
0 0 0 0 0 1 -1 1 1 -1 1 1 
0 0 0 0 0 1 1 -1 -1 -1 1 -1 
0 0 1 -1 -1 1 -1 -1 -1 1 1 1 
0 0 1 1 1 1 -1 -1 -1 -1 -1 1 
0 1 -1 0 1 -1 -1 1 -1 1 1 1 
0 1 0 1 -1 1 -1 1 1 -1 1 -1 
0 1 0 1 0 -1 1 -1 -1 -1 1 1 
0 1 1 0 0 -1 1 -1 1 1 1 -1 
1 -1 0 0 -1 -1 1 1 -1 -1 1 1 
1 -1 0 0 1 -1 -1 -1 1 -1 1 -1 
1 0 -1 0 0 1 -1 -1 -1 1 1 -1 
1 0 0 1 -1 -1 -1 -1 1 1 -1 1 
1 0 0 1 0 1 1 1 -1 1 -1 -1 
1 0 1 0 1 1 1 1 1 1 1 1 
1 1 -1 -1 0 1 1 -1 1 -1 -1 1 
1 1 1 -1 0 -1 -1 1 -1 -1 -1 -1 
bd2cat-5-32-16-24-8
-1 -1 -1 0 -1 1 -1 1 1 1 -1 1 -1 
-1 -1 -1 0 1 -1 1 1 -1 1 1 -1 1 
-1 0 0 0 -1 -1 1 -1 -1 -1 1 1 -1 
-1 0 0 1 1 -1 -1 -1 1 -1 -1 -1 -1 
-1 0 1 -1 0 -1 -1 -1 -1 1 -1 1 1 
-1 0 1 -1 0 1 -1 1 1 -1 1 -1 1 
-1 1 0 0 0 1 1 1 -1 -1 -1 -1 -1 
-1 1 0 1 0 1 1 -1 1 1 1 1 1 
0 -1 0 -1 1 1 1 -1 1 -1 1 1 -1 
0 -1 0 1 -1 1 -1 -1 -1 -1 1 -1 1 
0 -1 1 0 0 1 1 -1 -1 1 -1 -1 -1 
0 -1 1 1 0 -1 1 1 1 -1 -1 1 1 
0 0 -1 -1 -1 -1 1 -1 1 -1 -1 -1 1 
0 0 -1 0 1 1 -1 -1 -1 -1 -1 1 1 
0 0 0 0 0 -1 -1 -1 1 1 1 -1 -1 
0 0 0 0 0 -1 -1 1 -1 -1 1 1 -1 
0 0 0 0 0 1 1 -1 1 1 -1 -1 1 
0 0 0 0 0 1 1 1 -1 -1 -1 1 1 
0 0 1 0 -1 -1 1 1 1 1 1 -1 -1 
0 0 1 1 1 1 -1 1 -1 1 1 1 -1 
0 1 -1 -1 0 1 -1 -1 -1 1 1 -1 -1 
0 1 -1 0 0 -1 -1 1 1 -1 1 1 1 
0 1 0 -1 1 -1 1 1 1 1 -1 1 -1 
0 1 0 1 -1 -1 -1 1 -1 1 -1 -1 1 
1 -1 0 -1 0 -1 -1 1 -1 -1 -1 -1 -1 
1 -1 0 0 0 -1 -1 -1 1 1 1 1 1 
1 0 -1 1 0 -1 1 -1 -1 1 -1 1 -1 
1 0 -1 1 0 1 1 1 1 -1 1 -1 -1 
1 0 0 -1 -1 1 1 1 -1 1 1 1 1 
1 0 0 0 1 1 -1 1 1 1 -1 -1 1 
1 1 1 0 -1 1 -1 -1 1 -1 -1 1 -1 
1 1 1 0 1 -1 1 -1 -1 -1 1 -1 1 
bd2cat-5-32-4-8-8
-1 -1 -1 0 1 -1 1 -1 -1 -1 1 1 -1 
-1 -1 -1 0 1 1 -1 1 1 1 -1 -1 1 
-1 -1 0 1 -1 -1 1 -1 1 -1 -1 -1 1 
-1 -1 0 1 -1 1 -1 1 -1 1 1 1 -1 
-1 -1 1 -1 -1 -1 -1 -1 1 1 1 -1 -1 
-1 -1 1 -1 -1 1 1 1 -1 -1 -1 1 1 
-1 0 -1 -1 1 -1 1 1 -1 1 -1 -1 -1 
-1 0 -1 -1 1 1 -1 -1 1 -1 1 1 1 
-1 1 -1 1 -1 -1 -1 1 -1 -1 1 -1 1 
-1 1 -1 1 -1 1 1 -1 1 1 -1 1 -1 
-1 1 1 -1 0 -1 -1 1 1 -1 -1 1 -1 
-1 1 1 -1 0 1 1 -1 -1 1 1 -1 1 
-1 1 1 1 1 -1 1 1 1 1 1 1 1 
-1 1 1 1 1 1 -1 -1 -1 -1 -1 -1 -1 
0 -1 1 1 1 -1 -1 -1 -1 1 -1 1 1 
0 -1 1 1 1 1 1 1 1 -1 1 -1 -1 
0 1 -1 -1 -1 -1 -1 -1 -1 1 -1 1 1 
0 1 -1 -1 -1 1 1 1 1 -1 1 -1 -1 
1 -1 -1 -1 -1 -1 1 1 1 1 1 1 1 
1 -1 -1 -1 -1 1 -1 -1 -1 -1 -1 -1 -1 
1 -1 -1 1 0 -1 -1 1 1 -1 -1 1 -1 
1 -1 -1 1 0 1 1 -1 -1 1 1 -1 1 
1 -1 1 -1 1 -1 -1 1 -1 -1 1 -1 1 
1 -1 1 -1 1 1 1 -1 1 1 -1 1 -1 
1 0 1 1 -1 -1 1 1 -1 1 -1 -1 -1 
1 0 1 1 -1 1 -1 -1 1 -1 1 1 1 
1 1 -1 1 1 -1 -1 -1 1 1 1 -1 -1 
1 1 -1 1 1 1 1 1 -1 -1 -1 1 1 
1 1 0 -1 1 -1 1 -1 1 -1 -1 -1 1 
1 1 0 -1 1 1 -1 1 -1 1 1 1 -1 
1 1 1 0 -1 -1 1 -1 -1 -1 1 1 -1 
1 1 1 0 -1 1 -1 1 1 1 -1 -1 1 
bd2cat-6-24-4-8-2
-1 -1 -1 -1 -1 0 -1 -1 
-1 -1 -1 0 -1 1 1 1 
-1 -1 0 1 1 -1 1 1 
-1 -1 1 1 1 0 -1 -1 
-1 0 1 -1 -1 -1 -1 1 
-1 0 1 1 -1 1 1 -1 
-1 1 -1 0 1 1 -1 -1 
-1 1 -1 1 0 -1 -1 1 
-1 1 0 -1 1 1 1 1 
-1 1 1 -1 0 -1 1 -1 
0 -1 -1 -1 1 -1 1 -1 
0 -1 1 -1 1 1 -1 1 
0 1 -1 1 -1 -1 1 -1 
0 1 1 1 -1 1 -1 1 
1 -1 -1 1 0 1 -1 1 
1 -1 0 1 -1 -1 -1 -1 
1 -1 1 -1 0 1 1 -1 
1 -1 1 0 -1 -1 1 1 
1 0 -1 -1 1 -1 -1 1 
1 0 -1 1 1 1 1 -1 
1 1 -1 -1 -1 0 1 1 
1 1 0 -1 -1 1 -1 -1 
1 1 1 0 1 -1 -1 -1 
1 1 1 1 1 0 1 1 
bd2cat-6-28-12-16-2
-1 -1 -1 -1 -1 0 -1 -1 
-1 -1 -1 1 1 -1 -1 1 
-1 -1 1 -1 1 1 1 1 
-1 0 0 0 0 0 1 -1 
-1 0 1 1 -1 1 -1 -1 
-1 1 -1 1 0 1 1 1 
-1 1 0 -1 -1 -1 1 1 
-1 1 1 0 1 -1 -1 -1 
0 -1 0 0 0 0 1 -1 
0 -1 1 1 -1 -1 1 1 
0 0 -1 0 0 0 1 -1 
0 0 0 -1 0 0 -1 1 
0 0 0 0 -1 0 -1 1 
0 0 0 0 0 -1 1 -1 
0 0 0 0 0 1 -1 1 
0 0 0 0 1 0 1 -1 
0 0 0 1 0 0 1 -1 
0 0 1 0 0 0 -1 1 
0 1 -1 -1 1 1 -1 -1 
0 1 0 0 0 0 -1 1 
1 -1 -1 0 -1 1 1 1 
1 -1 0 1 1 1 -1 -1 
1 -1 1 -1 0 -1 -1 -1 
1 0 -1 -1 1 -1 1 1 
1 0 0 0 0 0 -1 1 
1 1 -1 1 -1 -1 -1 -1 
1 1 1 -1 -1 1 1 -1 
1 1 1 1 1 0 1 1 
bd2cat-6-28-4-8-2
-1 -1 -1 0 1 1 -1 -1 
-1 -1 -1 1 -1 0 1 -1 
-1 -1 0 1 1 -1 1 1 
-1 -1 1 -1 -1 -1 1 -1 
-1 -1 1 0 1 1 -1 1 
-1 0 -1 -1 -1 1 -1 1 
-1 0 1 -1 -1 1 1 1 
-1 1 -1 -1 0 -1 -1 -1 
-1 1 -1 -1 1 -1 1 1 
-1 1 0 1 1 1 1 -1 
-1 1 1 1 -1 0 -1 -1 
-1 1 1 1 0 -1 -1 1 
0 -1 -1 1 -1 -1 -1 1 
0 -1 1 -1 1 -1 -1 -1 
0 1 -1 1 -1 1 1 1 
0 1 1 -1 1 1 1 -1 
1 -1 -1 -1 0 1 1 -1 
1 -1 -1 -1 1 0 1 1 
1 -1 0 -1 -1 -1 -1 1 
1 -1 1 1 -1 1 -1 -1 
1 -1 1 1 0 1 1 1 
1 0 -1 1 1 -1 -1 -1 
1 0 1 1 1 -1 1 -1 
1 1 -1 0 -1 -1 1 -1 
1 1 -1 1 1 1 -1 1 
1 1 0 -1 -1 1 -1 -1 
1 1 1 -1 1 0 -1 1 
1 1 1 0 -1 -1 1 1 
bd2cat-6-28-8-12-2
-1 -1 -1 0 -1 -1 1 -1 
-1 -1 -1 1 -1 0 -1 1 
-1 -1 0 -1 1 1 -1 1 
-1 -1 0 -1 1 1 1 -1 
-1 0 1 1 1 -1 -1 -1 
-1 0 1 1 1 -1 1 1 
-1 1 -1 -1 0 -1 1 1 
-1 1 -1 1 0 1 -1 -1 
-1 1 1 -1 -1 0 -1 1 
-1 1 1 0 -1 1 1 -1 
0 -1 1 -1 -1 -1 -1 -1 
0 -1 1 1 -1 1 1 1 
0 0 0 0 0 0 -1 -1 
0 0 0 0 0 0 -1 1 
0 0 0 0 0 0 1 -1 
0 0 0 0 0 0 1 1 
0 1 -1 -1 1 -1 -1 -1 
0 1 -1 1 1 1 1 1 
1 -1 -1 0 1 -1 -1 1 
1 -1 -1 1 1 0 1 -1 
1 -1 1 -1 0 -1 1 1 
1 -1 1 1 0 1 -1 -1 
1 0 -1 -1 -1 1 -1 -1 
1 0 -1 -1 -1 1 1 1 
1 1 0 1 -1 -1 -1 1 
1 1 0 1 -1 -1 1 -1 
1 1 1 -1 1 0 1 -1 
1 1 1 0 1 1 -1 1 
bd2cat-6-32-12-16-2
-1 -1 -1 -1 -1 1 -1 1 
-1 -1 -1 1 0 -1 1 1 
-1 -1 1 -1 -1 0 1 -1 
-1 -1 1 0 1 -1 -1 1 
-1 0 -1 1 1 1 -1 -1 
-1 0 0 0 0 0 -1 -1 
-1 1 -1 -1 1 -1 1 -1 
-1 1 0 1 -1 1 1 1 
-1 1 1 -1 1 1 1 1 
-1 1 1 1 -1 -1 -1 -1 
0 -1 0 0 0 0 1 -1 
0 -1 1 1 1 1 1 -1 
0 0 -1 0 0 0 1 -1 
0 0 0 -1 0 0 -1 -1 
0 0 0 0 -1 0 1 -1 
0 0 0 0 0 -1 1 1 
0 0 0 0 0 1 -1 -1 
0 0 0 0 1 0 -1 1 
0 0 0 1 0 0 1 1 
0 0 1 0 0 0 -1 1 
0 1 -1 -1 -1 -1 -1 1 
0 1 0 0 0 0 -1 1 
1 -1 -1 -1 1 1 1 1 
1 -1 -1 1 -1 -1 -1 -1 
1 -1 0 -1 1 -1 -1 -1 
1 -1 1 1 -1 1 -1 1 
1 0 0 0 0 0 1 1 
1 0 1 -1 -1 -1 1 1 
1 1 -1 0 -1 1 1 -1 
1 1 -1 1 1 0 -1 1 
1 1 1 -1 0 1 -1 -1 
1 1 1 1 1 -1 1 -1 
bd2cat-6-32-12-16-4
-1 -1 -1 -1 -1 -1 -1 -1 -1 -1 
-1 -1 -1 -1 0 1 1 1 -1 1 
-1 -1 1 1 -1 1 1 -1 1 -1 
-1 -1 1 1 1 -1 -1 1 -1 1 
-1 0 0 0 0 0 -1 -1 1 1 
-1 0 1 -1 1 -1 1 1 1 -1 
-1 1 -1 1 -1 -1 1 1 1 1 
-1 1 -1 1 1 0 1 -1 -1 -1 
-1 1 0 -1 1 1 -1 -1 1 1 
-1 1 1 0 -1 1 -1 1 -1 -1 
0 -1 -1 1 1 1 -1 1 1 -1 
0 -1 0 0 0 0 1 -1 1 1 
0 0 -1 0 0 0 -1 1 1 -1 
0 0 0 -1 0 0 1 1 1 -1 
0 0 0 0 -1 0 -1 1 1 1 
0 0 0 0 0 -1 -1 -1 1 -1 
0 0 0 0 0 1 1 1 -1 1 
0 0 0 0 1 0 1 -1 -1 -1 
0 0 0 1 0 0 -1 -1 -1 1 
0 0 1 0 0 0 1 -1 -1 1 
0 1 0 0 0 0 -1 1 -1 -1 
0 1 1 -1 -1 -1 1 -1 -1 1 
1 -1 -1 0 1 -1 1 -1 1 1 
1 -1 0 1 -1 -1 1 1 -1 -1 
1 -1 1 -1 -1 0 -1 1 1 1 
1 -1 1 -1 1 1 -1 -1 -1 -1 
1 0 -1 1 -1 1 -1 -1 -1 1 
1 0 0 0 0 0 1 1 -1 -1 
1 1 -1 -1 -1 1 1 -1 1 -1 
1 1 -1 -1 1 -1 -1 1 -1 1 
1 1 1 1 0 -1 -1 -1 1 -1 
1 1 1 1 1 1 1 1 1 1 
bd2cat-6-32-12-20-2
-1 -1 -1 -1 -1 0 -1 -1 
-1 -1 0 0 -1 -1 1 1 
-1 -1 0 0 1 1 -1 1 
-1 0 0 1 0 1 -1 -1 
-1 0 1 0 -1 0 1 1 
-1 0 1 0 0 1 1 -1 
-1 0 1 1 1 -1 -1 -1 
-1 1 -1 -1 0 0 -1 1 
-1 1 -1 1 1 -1 1 1 
-1 1 0 -1 0 0 1 -1 
0 -1 -1 0 1 0 1 -1 
0 -1 -1 1 0 1 1 1 
0 -1 0 -1 1 -1 1 -1 
0 -1 1 0 0 -1 -1 1 
0 0 -1 1 -1 -1 -1 -1 
0 0 0 -1 1 0 -1 1 
0 0 0 1 -1 0 1 -1 
0 0 1 -1 1 1 1 1 
0 1 -1 0 0 1 1 -1 
0 1 0 1 -1 1 -1 1 
0 1 1 -1 0 -1 -1 -1 
0 1 1 0 -1 0 -1 1 
1 -1 0 1 0 0 -1 1 
1 -1 1 -1 -1 1 -1 -1 
1 -1 1 1 0 0 1 -1 
1 0 -1 -1 -1 1 1 1 
1 0 -1 0 0 -1 -1 1 
1 0 -1 0 1 0 -1 -1 
1 0 0 -1 0 -1 1 1 
1 1 0 0 -1 -1 1 -1 
1 1 0 0 1 1 -1 -1 
1 1 1 1 1 0 1 1 
bd2cat-6-32-12-20-3
-1 -1 0 -1 0 0 -1 -1 -1 
-1 -1 0 1 1 -1 -1 -1 1 
-1 -1 1 1 1 1 1 1 1 
-1 0 -1 0 0 -1 1 1 -1 
-1 0 -1 1 -1 1 -1 -1 -1 
-1 0 0 -1 -1 1 -1 1 1 
-1 0 1 0 -1 0 1 1 -1 
-1 1 -1 0 0 -1 1 -1 1 
-1 1 0 0 1 0 -1 1 -1 
-1 1 1 -1 0 0 1 -1 1 
0 -1 -1 -1 0 1 1 -1 1 
0 -1 -1 -1 1 0 1 1 -1 
0 -1 0 0 -1 -1 -1 1 1 
0 -1 1 0 -1 -1 1 -1 -1 
0 0 -1 1 -1 0 1 1 1 
0 0 0 -1 0 -1 -1 1 1 
0 0 0 1 0 1 1 -1 -1 
0 0 1 -1 1 0 -1 -1 -1 
0 1 -1 0 1 1 -1 1 1 
0 1 0 0 1 1 1 -1 -1 
0 1 1 1 -1 0 -1 -1 1 
0 1 1 1 0 -1 -1 1 -1 
1 -1 -1 1 0 0 -1 1 -1 
1 -1 0 0 -1 0 1 -1 1 
1 -1 1 0 0 1 -1 1 -1 
1 0 -1 0 1 0 -1 -1 1 
1 0 0 1 1 -1 1 -1 -1 
1 0 1 -1 1 -1 1 1 1 
1 0 1 0 0 1 -1 -1 1 
1 1 -1 -1 -1 -1 -1 -1 -1 
1 1 0 -1 -1 1 1 1 -1 
1 1 0 1 0 0 1 1 1 
bd2cat-6-32-16-20-2
-1 -1 -1 0 -1 1 1 1 
-1 -1 0 -1 -1 -1 -1 -1 
-1 -1 1 1 1 -1 1 -1 
-1 0 0 0 0 0 -1 1 
-1 0 1 -1 1 1 1 1 
-1 1 -1 -1 1 0 -1 -1 
-1 1 -1 1 0 -1 1 1 
-1 1 1 1 -1 1 -1 -1 
0 -1 -1 1 1 1 -1 -1 
0 -1 0 0 0 0 -1 1 
0 0 -1 0 0 0 1 -1 
0 0 0 -1 0 0 1 -1 
0 0 0 0 -1 0 1 -1 
0 0 0 0 0 -1 -1 1 
0 0 0 0 0 0 -1 -1 
0 0 0 0 0 0 -1 1 
0 0 0 0 0 0 1 -1 
0 0 0 0 0 0 1 1 
0 0 0 0 0 1 1 -1 
0 0 0 0 1 0 -1 1 
0 0 0 1 0 0 -1 1 
0 0 1 0 0 0 -1 1 
0 1 0 0 0 0 1 -1 
0 1 1 -1 -1 -1 1 1 
1 -1 -1 -1 1 -1 1 1 
1 -1 1 -1 0 1 -1 -1 
1 -1 1 1 -1 0 1 1 
1 0 -1 1 -1 -1 -1 -1 
1 0 0 0 0 0 1 -1 
1 1 -1 -1 -1 1 -1 1 
1 1 0 1 1 1 1 1 
1 1 1 0 1 -1 -1 -1 
bd2cat-6-32-16-20-3
-1 -1 -1 1 0 -1 -1 -1 -1 
-1 -1 0 -1 -1 1 1 -1 -1 
-1 -1 1 -1 1 0 -1 1 1 
-1 0 -1 1 1 1 1 1 1 
-1 0 0 0 0 0 1 1 -1 
-1 1 -1 -1 -1 -1 -1 1 1 
-1 1 1 0 1 -1 1 -1 -1 
-1 1 1 1 -1 1 -1 -1 1 
0 -1 0 0 0 0 -1 -1 1 
0 -1 1 1 -1 -1 1 1 1 
0 0 -1 0 0 0 1 -1 1 
0 0 0 -1 0 0 1 -1 1 
0 0 0 0 -1 0 1 1 -1 
0 0 0 0 0 -1 1 -1 1 
0 0 0 0 0 0 -1 -1 -1 
0 0 0 0 0 0 -1 1 -1 
0 0 0 0 0 0 1 -1 1 
0 0 0 0 0 0 1 1 1 
0 0 0 0 0 1 -1 1 -1 
0 0 0 0 1 0 -1 -1 1 
0 0 0 1 0 0 -1 1 -1 
0 0 1 0 0 0 -1 1 -1 
0 1 -1 -1 1 1 -1 -1 -1 
0 1 0 0 0 0 1 1 -1 
1 -1 -1 -1 1 -1 1 1 -1 
1 -1 -1 0 -1 1 -1 1 1 
1 -1 1 1 1 1 1 -1 -1 
1 0 0 0 0 0 -1 -1 1 
1 0 1 -1 -1 -1 -1 -1 -1 
1 1 -1 1 -1 0 1 -1 -1 
1 1 0 1 1 -1 -1 1 1 
1 1 1 -1 0 1 1 1 1 
bd2cat-6-32-16-20-4
-1 -1 -1 -1 1 1 1 1 -1 -1 
-1 -1 0 1 -1 1 1 -1 1 1 
-1 -1 1 1 0 -1 -1 1 -1 -1 
-1 0 0 0 0 0 -1 -1 1 -1 
-1 0 1 -1 1 -1 1 -1 1 1 
-1 1 -1 0 -1 -1 1 -1 -1 -1 
-1 1 -1 1 1 0 -1 1 1 1 
-1 1 1 -1 -1 1 -1 1 -1 1 
0 -1 -1 -1 -1 -1 -1 1 1 1 
0 -1 0 0 0 0 -1 -1 -1 1 
0 0 -1 0 0 0 -1 -1 -1 1 
0 0 0 -1 0 0 -1 -1 1 -1 
0 0 0 0 -1 0 1 1 1 -1 
0 0 0 0 0 -1 1 1 -1 1 
0 0 0 0 0 0 -1 -1 -1 -1 
0 0 0 0 0 0 -1 1 1 -1 
0 0 0 0 0 0 1 -1 -1 1 
0 0 0 0 0 0 1 1 1 1 
0 0 0 0 0 1 -1 -1 1 -1 
0 0 0 0 1 0 -1 -1 -1 1 
0 0 0 1 0 0 1 1 -1 1 
0 0 1 0 0 0 1 1 1 -1 
0 1 0 0 0 0 1 1 1 -1 
0 1 1 1 1 1 1 -1 -1 -1 
1 -1 -1 1 1 -1 1 -1 1 -1 
1 -1 1 -1 -1 0 1 -1 -1 -1 
1 -1 1 0 1 1 -1 1 1 1 
1 0 -1 1 -1 1 -1 1 -1 -1 
1 0 0 0 0 0 1 1 -1 1 
1 1 -1 -1 0 1 1 -1 1 1 
1 1 0 -1 1 -1 -1 1 -1 -1 
1 1 1 1 -1 -1 -1 -1 1 1 
bd2cat-6-32-16-24-2
-1 -1 -1 -1 1 -1 -1 1 
-1 -1 0 1 0 0 1 1 
-1 0 0 0 -1 0 -1 -1 
-1 0 0 0 -1 1 -1 1 
-1 0 0 1 0 -1 1 -1 
-1 0 1 0 0 0 -1 -1 
-1 1 -1 0 0 0 1 -1 
-1 1 1 -1 1 1 1 1 
0 -1 0 -1 0 0 1 -1 
0 -1 0 0 0 1 1 -1 
0 -1 0 0 1 1 -1 -1 
0 -1 1 0 -1 0 1 1 
0 0 -1 -1 -1 0 1 1 
0 0 -1 0 0 1 1 -1 
0 0 -1 1 0 1 -1 1 
0 0 0 -1 -1 0 -1 -1 
0 0 0 1 1 0 1 1 
0 0 1 -1 0 -1 1 -1 
0 0 1 0 0 -1 -1 1 
0 0 1 1 1 0 -1 -1 
0 1 -1 0 1 0 -1 -1 
0 1 0 0 -1 -1 1 1 
0 1 0 0 0 -1 -1 1 
0 1 0 1 0 0 -1 1 
1 -1 -1 1 -1 -1 -1 -1 
1 -1 1 0 0 0 -1 1 
1 0 -1 0 0 0 1 1 
1 0 0 -1 0 1 -1 1 
1 0 0 0 1 -1 1 -1 
1 0 0 0 1 0 1 1 
1 1 0 -1 0 0 -1 -1 
1 1 1 1 -1 1 1 -1 
bd2cat-6-32-16-24-3
-1 -1 -1 -1 -1 1 -1 1 1 
-1 -1 0 0 0 0 1 -1 -1 
-1 0 -1 1 0 0 1 -1 -1 
-1 0 0 0 1 -1 -1 1 -1 
-1 0 0 1 1 0 -1 1 1 
-1 0 1 0 0 1 1 1 -1 
-1 1 0 0 -1 -1 -1 -1 1 
-1 1 1 -1 0 0 1 -1 1 
0 -1 0 -1 0 -1 -1 -1 -1 
0 -1 0 0 0 0 1 -1 1 
0 -1 1 0 1 0 -1 -1 1 
0 -1 1 1 -1 -1 1 1 1 
0 0 -1 0 0 -1 1 1 1 
0 0 -1 0 1 0 1 -1 1 
0 0 0 -1 0 -1 1 1 -1 
0 0 0 -1 1 0 1 1 1 
0 0 0 1 -1 0 -1 -1 -1 
0 0 0 1 0 1 -1 -1 1 
0 0 1 0 -1 0 -1 1 -1 
0 0 1 0 0 1 -1 -1 -1 
0 1 -1 -1 1 1 -1 -1 -1 
0 1 -1 0 -1 0 1 1 -1 
0 1 0 0 0 0 -1 1 -1 
0 1 0 1 0 1 1 1 1 
1 -1 -1 1 0 0 -1 1 -1 
1 -1 0 0 1 1 1 1 -1 
1 0 -1 0 0 -1 -1 -1 1 
1 0 0 -1 -1 0 1 -1 -1 
1 0 0 0 -1 1 1 -1 1 
1 0 1 -1 0 0 -1 1 1 
1 1 0 0 0 0 -1 1 1 
1 1 1 1 1 -1 1 -1 -1 
bd2cat-6-32-16-24-4
-1 -1 -1 -1 -1 -1 -1 -1 -1 -1 
-1 -1 0 0 0 0 1 1 1 1 
-1 0 -1 0 1 0 -1 1 1 1 
-1 0 0 0 0 1 1 -1 1 -1 
-1 0 0 1 0 -1 1 1 -1 1 
-1 0 1 0 1 0 1 -1 -1 -1 
-1 1 0 1 0 0 -1 -1 1 -1 
-1 1 1 -1 -1 1 -1 1 -1 1 
0 -1 0 0 -1 1 1 -1 1 1 
0 -1 0 0 1 1 -1 1 -1 -1 
0 -1 1 0 0 0 -1 1 1 -1 
0 -1 1 1 0 0 -1 -1 -1 1 
0 0 -1 0 0 1 1 1 -1 -1 
0 0 -1 1 0 1 -1 -1 -1 1 
0 0 0 -1 1 0 -1 -1 1 1 
0 0 0 -1 1 0 1 -1 -1 1 
0 0 0 1 -1 0 -1 1 1 -1 
0 0 0 1 -1 0 1 1 -1 -1 
0 0 1 -1 0 -1 1 1 1 -1 
0 0 1 0 0 -1 -1 -1 1 1 
0 1 -1 -1 0 0 1 1 1 -1 
0 1 -1 0 0 0 1 -1 -1 1 
0 1 0 0 -1 -1 1 -1 1 1 
0 1 0 0 1 -1 -1 1 -1 -1 
1 -1 -1 1 1 -1 1 -1 1 -1 
1 -1 0 -1 0 0 1 1 -1 1 
1 0 -1 0 -1 0 -1 1 1 1 
1 0 0 -1 0 1 -1 -1 1 -1 
1 0 0 0 0 -1 -1 1 -1 1 
1 0 1 0 -1 0 1 -1 -1 -1 
1 1 0 0 0 0 -1 -1 -1 -1 
1 1 1 1 1 1 1 1 1 1 
bd2cat-6-32-16-24-5
-1 -1 0 0 -1 0 1 1 -1 -1 1 
-1 -1 0 1 0 0 1 -1 1 -1 -1 
-1 0 -1 0 0 -1 1 -1 -1 1 1 
-1 0 0 -1 1 1 1 1 -1 1 -1 
-1 0 0 0 1 0 -1 -1 1 -1 -1 
-1 0 1 -1 -1 1 -1 -1 1 1 1 
-1 1 -1 1 0 0 -1 1 1 1 1 
-1 1 1 0 0 -1 -1 1 -1 -1 -1 
0 -1 -1 -1 1 0 -1 1 1 -1 1 
0 -1 0 0 -1 -1 -1 1 1 1 -1 
0 -1 0 1 0 1 -1 1 -1 1 -1 
0 -1 1 0 1 -1 -1 -1 -1 1 1 
0 0 -1 -1 -1 0 -1 -1 -1 -1 -1 
0 0 -1 0 0 0 -1 -1 -1 1 -1 
0 0 0 -1 0 -1 1 1 1 1 -1 
0 0 0 0 0 0 -1 1 -1 -1 1 
0 0 0 0 0 0 1 -1 1 1 -1 
0 0 0 1 0 1 -1 -1 -1 -1 1 
0 0 1 0 0 0 1 1 1 -1 1 
0 0 1 1 1 0 1 1 1 1 1 
0 1 -1 0 -1 1 1 1 1 -1 -1 
0 1 0 -1 0 -1 1 -1 1 -1 1 
0 1 0 0 1 1 1 -1 -1 -1 1 
0 1 1 1 -1 0 1 -1 -1 1 -1 
1 -1 -1 0 0 1 1 -1 1 1 1 
1 -1 1 -1 0 0 1 -1 -1 -1 -1 
1 0 -1 1 1 -1 1 1 -1 -1 -1 
1 0 0 0 -1 0 1 1 -1 1 1 
1 0 0 1 -1 -1 -1 -1 1 -1 1 
1 0 1 0 0 1 -1 1 1 -1 -1 
1 1 0 -1 0 0 -1 1 -1 1 1 
1 1 0 0 1 0 -1 -1 1 1 -1 
bd2cat-6-32-16-24-6
-1 -1 -1 0 0 0 1 -1 1 1 -1 1 
-1 -1 1 0 0 0 1 1 1 -1 1 -1 
-1 0 -1 -1 1 1 -1 -1 -1 -1 1 -1 
-1 0 0 0 0 -1 1 1 -1 1 1 -1 
-1 0 0 0 1 0 -1 1 1 1 -1 1 
-1 0 1 -1 -1 -1 -1 -1 -1 -1 -1 1 
-1 1 0 1 -1 0 -1 -1 1 1 1 -1 
-1 1 0 1 0 1 1 1 -1 -1 -1 1 
0 -1 -1 1 0 -1 -1 1 -1 -1 1 1 
0 -1 0 0 -1 1 -1 1 1 -1 -1 -1 
0 -1 0 0 -1 1 1 -1 -1 1 1 1 
0 -1 1 1 1 0 -1 -1 -1 1 -1 -1 
0 0 -1 0 -1 0 -1 1 -1 1 -1 -1 
0 0 -1 0 0 -1 1 -1 1 -1 -1 -1 
0 0 0 -1 0 0 -1 1 1 1 1 1 
0 0 0 -1 0 0 1 1 -1 1 -1 -1 
0 0 0 1 0 0 -1 -1 1 -1 1 1 
0 0 0 1 0 0 1 -1 -1 -1 -1 -1 
0 0 1 0 0 1 -1 1 -1 1 1 1 
0 0 1 0 1 0 1 -1 1 -1 1 1 
0 1 -1 -1 -1 0 1 1 1 -1 1 1 
0 1 0 0 1 -1 -1 1 1 -1 -1 -1 
0 1 0 0 1 -1 1 -1 -1 1 1 1 
0 1 1 -1 0 1 1 -1 1 1 -1 -1 
1 -1 0 -1 0 -1 -1 -1 1 1 1 -1 
1 -1 0 -1 1 0 1 1 -1 -1 -1 1 
1 0 -1 1 1 1 1 1 1 1 1 -1 
1 0 0 0 -1 0 1 -1 -1 -1 1 -1 
1 0 0 0 0 1 -1 -1 1 -1 -1 1 
1 0 1 1 -1 -1 1 1 1 1 -1 1 
1 1 -1 0 0 0 -1 -1 -1 1 -1 1 
1 1 1 0 0 0 -1 1 -1 -1 1 -1 
bd2cat-6-32-4-8-2
-1 -1 -1 -1 0 -1 -1 1 
-1 -1 -1 -1 0 -1 1 -1 
-1 -1 -1 0 1 1 -1 -1 
-1 -1 1 0 1 1 1 1 
-1 -1 1 1 -1 0 -1 1 
-1 -1 1 1 -1 0 1 -1 
-1 0 -1 1 1 1 1 1 
-1 0 1 -1 -1 -1 1 1 
-1 1 -1 -1 -1 1 -1 1 
-1 1 -1 1 -1 1 1 -1 
-1 1 0 -1 1 -1 1 -1 
-1 1 0 1 1 -1 -1 1 
-1 1 1 -1 -1 1 -1 -1 
-1 1 1 1 1 -1 -1 -1 
0 -1 -1 1 -1 -1 -1 -1 
0 -1 1 -1 1 1 -1 -1 
0 1 -1 1 -1 -1 1 1 
0 1 1 -1 1 1 1 1 
1 -1 -1 -1 -1 1 1 1 
1 -1 -1 1 1 -1 1 1 
1 -1 0 -1 -1 1 1 -1 
1 -1 0 1 -1 1 -1 1 
1 -1 1 -1 1 -1 -1 1 
1 -1 1 1 1 -1 1 -1 
1 0 -1 1 1 1 -1 -1 
1 0 1 -1 -1 -1 -1 -1 
1 1 -1 -1 1 0 -1 1 
1 1 -1 -1 1 0 1 -1 
1 1 -1 0 -1 -1 -1 -1 
1 1 1 0 -1 -1 1 1 
1 1 1 1 0 1 -1 1 
1 1 1 1 0 1 1 -1 
bd2cat-6-32-4-8-7
-1 -1 -1 1 0 1 -1 1 -1 1 -1 -1 1 
-1 -1 -1 1 0 1 1 -1 1 -1 1 1 -1 
-1 -1 1 -1 1 -1 -1 1 1 1 1 -1 -1 
-1 -1 1 -1 1 -1 1 -1 -1 -1 -1 1 1 
-1 -1 1 1 -1 0 -1 -1 -1 -1 1 -1 -1 
-1 -1 1 1 -1 0 1 1 1 1 -1 1 1 
-1 0 -1 -1 -1 -1 -1 -1 1 -1 -1 -1 1 
-1 0 -1 -1 -1 -1 1 1 -1 1 1 1 -1 
-1 1 -1 1 1 -1 -1 1 -1 -1 1 1 1 
-1 1 -1 1 1 -1 1 -1 1 1 -1 -1 -1 
-1 1 0 -1 -1 1 -1 -1 -1 1 -1 1 -1 
-1 1 0 -1 -1 1 1 1 1 -1 1 -1 1 
-1 1 1 0 1 1 -1 -1 1 1 1 1 1 
-1 1 1 0 1 1 1 1 -1 -1 -1 -1 -1 
0 -1 -1 -1 1 1 -1 1 1 -1 -1 1 -1 
0 -1 -1 -1 1 1 1 -1 -1 1 1 -1 1 
0 1 1 1 -1 -1 -1 1 1 -1 -1 1 -1 
0 1 1 1 -1 -1 1 -1 -1 1 1 -1 1 
1 -1 -1 0 -1 -1 -1 -1 1 1 1 1 1 
1 -1 -1 0 -1 -1 1 1 -1 -1 -1 -1 -1 
1 -1 0 1 1 -1 -1 -1 -1 1 -1 1 -1 
1 -1 0 1 1 -1 1 1 1 -1 1 -1 1 
1 -1 1 -1 -1 1 -1 1 -1 -1 1 1 1 
1 -1 1 -1 -1 1 1 -1 1 1 -1 -1 -1 
1 0 1 1 1 1 -1 -1 1 -1 -1 -1 1 
1 0 1 1 1 1 1 1 -1 1 1 1 -1 
1 1 -1 -1 1 0 -1 -1 -1 -1 1 -1 -1 
1 1 -1 -1 1 0 1 1 1 1 -1 1 1 
1 1 -1 1 -1 1 -1 1 1 1 1 -1 -1 
1 1 -1 1 -1 1 1 -1 -1 -1 -1 1 1 
1 1 1 -1 0 -1 -1 1 -1 1 -1 -1 1 
1 1 1 -1 0 -1 1 -1 1 -1 1 1 -1 
bd2cat-6-32-8-12-2
-1 -1 -1 -1 -1 1 -1 -1 
-1 -1 -1 1 -1 -1 -1 1 
-1 -1 -1 1 1 -1 1 1 
-1 -1 1 -1 -1 -1 1 -1 
-1 -1 1 -1 1 1 -1 1 
-1 0 0 1 0 1 1 -1 
-1 0 1 1 1 0 1 -1 
-1 1 -1 -1 1 -1 -1 -1 
-1 1 -1 -1 1 1 1 1 
-1 1 0 0 -1 0 1 1 
-1 1 1 0 0 -1 -1 -1 
-1 1 1 1 -1 1 -1 1 
0 -1 0 1 1 1 -1 -1 
0 -1 1 -1 0 0 1 1 
0 0 -1 0 -1 1 1 -1 
0 0 0 0 0 0 -1 1 
0 0 0 0 0 0 1 -1 
0 0 1 0 1 -1 -1 1 
0 1 -1 1 0 0 -1 -1 
0 1 0 -1 -1 -1 1 1 
1 -1 -1 -1 1 -1 1 -1 
1 -1 -1 0 0 1 1 1 
1 -1 0 0 1 0 -1 -1 
1 -1 1 1 -1 -1 -1 -1 
1 -1 1 1 -1 1 1 1 
1 0 -1 -1 -1 0 -1 1 
1 0 0 -1 0 -1 -1 1 
1 1 -1 1 -1 -1 1 -1 
1 1 -1 1 1 1 -1 1 
1 1 1 -1 -1 1 -1 -1 
1 1 1 -1 1 1 1 -1 
1 1 1 1 1 -1 1 1 
bd2cat-6-32-8-12-3
-1 -1 -1 -1 -1 -1 1 1 1 
-1 -1 -1 1 -1 1 -1 -1 -1 
-1 -1 -1 1 1 -1 -1 1 1 
-1 -1 0 -1 1 0 -1 -1 -1 
-1 -1 1 -1 1 1 1 1 -1 
-1 0 1 0 -1 0 -1 -1 1 
-1 0 1 1 0 -1 1 -1 -1 
-1 1 -1 -1 1 1 1 -1 1 
-1 1 -1 1 -1 1 1 1 -1 
-1 1 0 0 0 -1 1 -1 1 
-1 1 1 -1 -1 -1 -1 1 -1 
-1 1 1 1 1 1 -1 1 1 
0 -1 1 0 -1 1 1 1 1 
0 -1 1 1 0 0 1 -1 1 
0 0 0 -1 -1 1 -1 -1 1 
0 0 0 0 0 0 -1 1 1 
0 0 0 0 0 0 1 -1 -1 
0 0 0 1 1 -1 1 1 -1 
0 1 -1 -1 0 0 -1 1 -1 
0 1 -1 0 1 -1 -1 -1 -1 
1 -1 -1 -1 -1 -1 1 -1 -1 
1 -1 -1 1 1 1 1 -1 1 
1 -1 0 0 0 1 -1 1 -1 
1 -1 1 -1 1 -1 -1 -1 1 
1 -1 1 1 -1 -1 -1 1 -1 
1 0 -1 -1 0 1 -1 1 1 
1 0 -1 0 1 0 1 1 -1 
1 1 -1 1 -1 -1 -1 -1 1 
1 1 0 1 -1 0 1 1 1 
1 1 1 -1 -1 1 1 -1 -1 
1 1 1 -1 1 -1 1 1 1 
1 1 1 1 1 1 -1 -1 -1 
bd2cat-6-32-8-12-4
-1 -1 -1 -1 1 -1 -1 -1 -1 -1 
-1 -1 -1 0 0 1 1 -1 1 1 
-1 -1 0 0 -1 0 1 1 1 1 
-1 -1 1 -1 -1 -1 -1 1 1 -1 
-1 -1 1 1 1 1 1 -1 -1 -1 
-1 0 0 -1 -1 1 -1 -1 -1 1 
-1 0 1 1 0 0 -1 1 -1 1 
-1 1 -1 -1 1 -1 1 1 -1 1 
-1 1 -1 1 -1 -1 1 -1 1 -1 
-1 1 -1 1 -1 1 -1 1 -1 -1 
-1 1 1 -1 1 1 1 1 1 -1 
-1 1 1 1 1 -1 -1 -1 1 1 
0 -1 -1 1 1 0 -1 1 1 1 
0 -1 0 1 0 -1 1 1 -1 -1 
0 0 -1 0 1 1 -1 1 1 -1 
0 0 0 0 0 0 -1 -1 1 -1 
0 0 0 0 0 0 1 1 -1 1 
0 0 1 0 -1 -1 1 -1 -1 1 
0 1 0 -1 0 1 -1 -1 1 1 
0 1 1 -1 -1 0 1 -1 -1 -1 
1 -1 -1 -1 -1 1 1 1 -1 -1 
1 -1 -1 1 -1 -1 -1 -1 -1 1 
1 -1 1 -1 1 -1 1 -1 1 1 
1 -1 1 -1 1 1 -1 1 -1 1 
1 -1 1 1 -1 1 -1 -1 1 -1 
1 0 -1 -1 0 0 1 -1 1 -1 
1 0 0 1 1 -1 1 1 1 -1 
1 1 -1 -1 -1 -1 -1 1 1 1 
1 1 -1 1 1 1 1 -1 -1 1 
1 1 0 0 1 0 -1 -1 -1 -1 
1 1 1 0 0 -1 -1 1 -1 -1 
1 1 1 1 -1 1 1 1 1 1 
bd2cat-7-32-12-20-2
-1 -1 0 0 1 0 -1 -1 1 
-1 -1 0 1 0 -1 1 -1 1 
-1 -1 1 0 0 0 0 1 -1 
-1 0 -1 -1 0 1 0 1 1 
-1 0 -1 0 -1 -1 1 1 1 
-1 0 0 -1 1 0 0 -1 -1 
-1 0 1 0 -1 1 -1 1 1 
-1 1 -1 1 1 0 -1 1 -1 
-1 1 0 1 0 1 1 -1 -1 
-1 1 1 -1 -1 -1 0 -1 -1 
0 -1 -1 -1 -1 0 -1 -1 -1 
0 -1 -1 1 -1 1 0 -1 -1 
0 -1 0 0 1 -1 0 1 -1 
0 -1 1 0 0 1 1 1 -1 
0 0 -1 -1 0 0 1 1 -1 
0 0 0 -1 1 1 1 -1 1 
0 0 0 1 -1 -1 -1 1 -1 
0 0 1 1 0 0 -1 -1 1 
0 1 -1 0 0 -1 -1 -1 1 
0 1 0 0 -1 1 0 -1 1 
0 1 1 -1 1 -1 0 1 1 
0 1 1 1 1 0 1 1 1 
1 -1 -1 1 1 1 0 1 1 
1 -1 0 -1 0 -1 -1 1 1 
1 -1 1 -1 -1 0 1 -1 1 
1 0 -1 0 1 -1 1 -1 -1 
1 0 0 1 -1 0 0 1 1 
1 0 1 0 1 1 -1 -1 -1 
1 0 1 1 0 -1 0 -1 -1 
1 1 -1 0 0 0 0 -1 1 
1 1 0 -1 0 1 -1 1 -1 
1 1 0 0 -1 0 1 1 -1 
bd2cat-7-32-16-20-2
-1 -1 -1 -1 0 -1 1 -1 -1 
-1 -1 -1 1 1 1 -1 1 -1 
-1 -1 1 -1 -1 0 -1 1 1 
-1 0 0 0 0 0 0 -1 1 
-1 0 1 1 1 -1 1 1 1 
-1 1 -1 0 -1 1 1 1 1 
-1 1 0 1 -1 -1 -1 -1 -1 
-1 1 1 -1 1 1 0 -1 -1 
0 -1 0 0 0 0 0 -1 1 
0 -1 1 1 -1 1 1 -1 -1 
0 0 -1 0 0 0 0 -1 1 
0 0 0 -1 0 0 0 1 -1 
0 0 0 0 -1 0 0 1 -1 
0 0 0 0 0 -1 0 1 -1 
0 0 0 0 0 0 -1 -1 1 
0 0 0 0 0 0 0 -1 -1 
0 0 0 0 0 0 0 1 1 
0 0 0 0 0 0 1 1 -1 
0 0 0 0 0 1 0 -1 1 
0 0 0 0 1 0 0 -1 1 
0 0 0 1 0 0 0 -1 1 
0 0 1 0 0 0 0 1 -1 
0 1 -1 -1 1 -1 -1 1 1 
0 1 0 0 0 0 0 1 -1 
1 -1 -1 1 -1 -1 0 1 1 
1 -1 0 -1 1 1 1 1 1 
1 -1 1 0 1 -1 -1 -1 -1 
1 0 -1 -1 -1 1 -1 -1 -1 
1 0 0 0 0 0 0 1 -1 
1 1 -1 1 1 0 1 -1 -1 
1 1 1 -1 -1 -1 1 -1 1 
1 1 1 1 0 1 -1 1 1 
bd2cat-7-32-16-24-2
-1 -1 -1 0 1 0 0 1 -1 
-1 -1 0 0 -1 1 0 1 -1 
-1 0 0 0 0 0 1 -1 1 
-1 0 0 1 0 0 0 -1 1 
-1 0 1 -1 0 -1 1 1 1 
-1 0 1 0 0 1 0 -1 -1 
-1 1 -1 -1 -1 -1 -1 -1 -1 
-1 1 0 1 1 0 -1 1 1 
0 -1 -1 0 0 0 0 -1 1 
0 -1 0 0 0 -1 -1 1 1 
0 -1 0 1 0 -1 0 -1 -1 
0 -1 1 -1 0 0 -1 -1 1 
0 0 -1 -1 1 1 0 -1 1 
0 0 -1 0 -1 0 1 1 1 
0 0 0 -1 1 0 0 1 -1 
0 0 0 0 -1 1 -1 1 1 
0 0 0 0 1 -1 1 -1 -1 
0 0 0 1 -1 0 0 -1 1 
0 0 1 0 1 0 -1 -1 -1 
0 0 1 1 -1 -1 0 1 -1 
0 1 -1 1 0 0 1 1 -1 
0 1 0 -1 0 1 0 1 1 
0 1 0 0 0 1 1 -1 -1 
0 1 1 0 0 0 0 1 -1 
1 -1 0 -1 -1 0 1 -1 -1 
1 -1 1 1 1 1 1 1 1 
1 0 -1 0 0 -1 0 1 1 
1 0 -1 1 0 1 -1 -1 -1 
1 0 0 -1 0 0 0 1 -1 
1 0 0 0 0 0 -1 1 -1 
1 1 0 0 1 -1 0 -1 1 
1 1 1 0 -1 0 0 -1 1 
bd2cat-7-32-16-24-3
-1 -1 -1 0 1 0 0 1 1 1 
-1 -1 0 0 0 1 0 -1 1 -1 
-1 0 0 0 -1 1 1 1 -1 1 
-1 0 0 1 0 -1 0 -1 1 1 
-1 0 1 -1 1 -1 1 -1 -1 -1 
-1 0 1 0 -1 0 0 1 1 -1 
-1 1 -1 1 0 0 -1 -1 -1 -1 
-1 1 0 -1 0 0 -1 1 -1 1 
0 -1 -1 -1 -1 -1 0 -1 -1 1 
0 -1 0 0 1 0 -1 1 -1 -1 
0 -1 0 1 -1 -1 0 1 -1 -1 
0 -1 1 0 0 1 -1 -1 -1 1 
0 0 -1 -1 0 0 0 1 1 -1 
0 0 -1 0 0 1 1 -1 -1 -1 
0 0 0 -1 -1 0 -1 -1 1 -1 
0 0 0 0 0 0 0 -1 1 1 
0 0 0 0 0 0 0 1 -1 -1 
0 0 0 1 1 0 1 1 -1 1 
0 0 1 0 0 -1 -1 1 1 1 
0 0 1 1 0 0 0 -1 -1 1 
0 1 -1 0 0 -1 1 1 1 -1 
0 1 0 -1 1 1 0 -1 1 1 
0 1 0 0 -1 0 1 -1 1 1 
0 1 1 1 1 1 0 1 1 -1 
1 -1 0 1 0 0 1 -1 1 -1 
1 -1 1 -1 0 0 1 1 1 1 
1 0 -1 0 1 0 0 -1 -1 1 
1 0 -1 1 -1 1 -1 1 1 1 
1 0 0 -1 0 1 0 1 -1 -1 
1 0 0 0 1 -1 -1 -1 1 -1 
1 1 0 0 0 -1 0 1 -1 1 
1 1 1 0 -1 0 0 -1 -1 -1 
bd2cat-7-32-16-24-4
-1 -1 0 0 -1 0 1 1 1 1 1 
-1 -1 0 1 0 -1 -1 1 -1 -1 -1 
-1 0 -1 -1 1 -1 1 -1 -1 1 -1 
-1 0 0 -1 0 0 -1 -1 1 -1 1 
-1 0 1 0 0 0 0 1 1 1 -1 
-1 0 1 1 1 1 0 -1 -1 1 1 
-1 1 -1 0 0 1 0 1 1 -1 -1 
-1 1 0 0 -1 0 0 -1 -1 -1 1 
0 -1 -1 0 -1 1 -1 -1 -1 1 -1 
0 -1 -1 1 0 0 1 -1 1 -1 1 
0 -1 0 -1 1 1 0 1 -1 -1 1 
0 -1 1 -1 0 0 0 -1 1 -1 -1 
0 0 -1 0 1 0 -1 1 1 1 1 
0 0 0 -1 -1 0 0 1 -1 1 1 
0 0 0 0 0 -1 -1 -1 1 1 1 
0 0 0 0 0 -1 0 1 -1 -1 1 
0 0 0 0 0 1 0 -1 1 1 -1 
0 0 0 0 0 1 1 1 -1 -1 -1 
0 0 0 1 1 0 0 -1 1 -1 -1 
0 0 1 0 -1 0 1 -1 -1 -1 -1 
0 1 -1 1 0 0 0 1 -1 1 1 
0 1 0 1 -1 -1 0 -1 1 1 -1 
0 1 1 -1 0 0 -1 1 -1 1 -1 
0 1 1 0 1 -1 1 1 1 -1 1 
1 -1 0 0 1 0 0 1 1 1 -1 
1 -1 1 0 0 -1 0 -1 -1 1 1 
1 0 -1 -1 -1 -1 0 1 1 -1 -1 
1 0 -1 0 0 0 0 -1 -1 -1 1 
1 0 0 1 0 0 1 1 -1 1 -1 
1 0 1 1 -1 1 -1 1 1 -1 1 
1 1 0 -1 0 1 1 -1 1 1 1 
1 1 0 0 1 0 -1 -1 -1 -1 -1 
bd2cat-7-32-16-24-5
-1 -1 -1 0 0 0 1 1 -1 1 1 -1 
-1 -1 0 0 1 -1 0 -1 1 -1 1 1 
-1 0 0 -1 1 0 -1 -1 1 1 -1 -1 
-1 0 0 0 0 1 1 -1 -1 -1 -1 -1 
-1 0 1 -1 -1 1 0 1 1 1 1 1 
-1 0 1 1 0 -1 0 1 -1 1 -1 1 
-1 1 -1 0 -1 0 -1 -1 -1 -1 1 1 
-1 1 0 1 0 0 0 1 1 -1 -1 -1 
0 -1 -1 1 -1 0 0 -1 1 1 -1 1 
0 -1 0 -1 -1 -1 -1 1 -1 -1 -1 -1 
0 -1 0 1 0 1 -1 1 1 -1 1 -1 
0 -1 1 0 0 1 0 -1 -1 -1 -1 1 
0 0 -1 -1 0 0 1 1 1 -1 -1 1 
0 0 -1 0 1 1 -1 1 -1 1 -1 1 
0 0 0 0 -1 0 0 -1 1 1 -1 -1 
0 0 0 0 0 0 0 -1 -1 1 1 -1 
0 0 0 0 0 0 0 1 1 -1 -1 1 
0 0 0 0 1 0 0 1 -1 -1 1 1 
0 0 1 0 -1 -1 1 -1 1 -1 1 -1 
0 0 1 1 0 0 -1 -1 -1 1 1 -1 
0 1 -1 0 0 -1 0 1 1 1 1 -1 
0 1 0 -1 0 -1 1 -1 -1 1 -1 1 
0 1 0 1 1 1 1 -1 1 1 1 1 
0 1 1 -1 1 0 0 1 -1 -1 1 -1 
1 -1 0 -1 0 0 0 -1 -1 1 1 1 
1 -1 1 0 1 0 1 1 1 1 -1 -1 
1 0 -1 -1 0 1 0 -1 1 -1 1 -1 
1 0 -1 1 1 -1 0 -1 -1 -1 -1 -1 
1 0 0 0 0 -1 -1 1 1 1 1 1 
1 0 0 1 -1 0 1 1 -1 -1 1 1 
1 1 0 0 -1 1 0 1 -1 1 -1 -1 
1 1 1 0 0 0 -1 -1 1 -1 -1 1 
bd2cat-7-32-8-12-2
-1 -1 -1 -1 -1 1 1 1 1 
-1 -1 -1 1 1 -1 -1 1 -1 
-1 -1 -1 1 1 1 1 -1 1 
-1 -1 1 -1 1 -1 1 1 -1 
-1 -1 1 1 -1 1 -1 -1 -1 
-1 0 0 -1 -1 -1 0 -1 -1 
-1 0 1 0 1 0 -1 -1 1 
-1 1 -1 -1 0 0 0 -1 -1 
-1 1 -1 1 -1 -1 -1 1 1 
-1 1 0 0 0 -1 1 -1 1 
-1 1 1 -1 1 1 -1 1 1 
-1 1 1 1 -1 1 1 1 -1 
0 -1 0 -1 -1 0 -1 -1 1 
0 -1 1 0 -1 -1 0 1 1 
0 0 -1 -1 0 1 -1 1 -1 
0 0 0 0 0 0 0 -1 -1 
0 0 0 0 0 0 0 1 1 
0 0 1 1 0 -1 1 -1 1 
0 1 -1 0 1 1 0 -1 -1 
0 1 0 1 1 0 1 1 -1 
1 -1 -1 -1 1 -1 -1 -1 1 
1 -1 -1 1 -1 -1 1 -1 -1 
1 -1 0 0 0 1 -1 1 -1 
1 -1 1 -1 1 1 1 -1 -1 
1 -1 1 1 0 0 0 1 1 
1 0 -1 0 -1 0 1 1 -1 
1 0 0 1 1 1 0 1 1 
1 1 -1 -1 1 -1 1 1 1 
1 1 -1 1 -1 1 -1 -1 1 
1 1 1 -1 -1 -1 -1 1 -1 
1 1 1 -1 -1 1 1 -1 1 
1 1 1 1 1 -1 -1 -1 -1 
bd2cat-7-32-8-12-3
-1 -1 -1 1 1 1 -1 1 1 -1 
-1 -1 0 0 -1 1 0 1 -1 1 
-1 -1 0 1 0 0 1 -1 -1 -1 
-1 -1 1 -1 -1 -1 1 1 1 1 
-1 -1 1 -1 1 -1 -1 -1 1 -1 
-1 0 -1 -1 0 1 0 -1 -1 1 
-1 0 -1 0 1 0 1 -1 1 1 
-1 1 -1 -1 -1 -1 -1 -1 -1 -1 
-1 1 -1 1 -1 -1 1 1 1 -1 
-1 1 1 -1 1 1 1 1 -1 -1 
-1 1 1 1 -1 1 -1 -1 1 1 
-1 1 1 1 1 -1 -1 1 -1 1 
0 -1 -1 0 0 -1 -1 1 -1 1 
0 -1 1 1 -1 0 0 -1 -1 -1 
0 0 0 -1 -1 1 -1 1 1 -1 
0 0 0 0 0 0 0 -1 1 1 
0 0 0 0 0 0 0 1 -1 -1 
0 0 0 1 1 -1 1 -1 -1 1 
0 1 -1 -1 1 0 0 1 1 1 
0 1 1 0 0 1 1 -1 1 -1 
1 -1 -1 -1 -1 1 1 -1 1 -1 
1 -1 -1 -1 1 -1 1 1 -1 -1 
1 -1 -1 1 -1 -1 -1 -1 1 1 
1 -1 1 -1 1 1 -1 -1 -1 1 
1 -1 1 1 1 1 1 1 1 1 
1 0 1 0 -1 0 -1 1 -1 -1 
1 0 1 1 0 -1 0 1 1 -1 
1 1 -1 1 -1 1 1 1 -1 1 
1 1 -1 1 1 1 -1 -1 -1 -1 
1 1 0 -1 0 0 -1 1 1 1 
1 1 0 0 1 -1 0 -1 1 -1 
1 1 1 -1 -1 -1 1 -1 -1 1 
bd2cat-7-32-8-12-4
-1 -1 -1 -1 -1 -1 -1 -1 -1 -1 1 
-1 -1 -1 0 0 0 1 1 1 1 -1 
-1 -1 1 -1 1 1 -1 -1 1 -1 -1 
-1 -1 1 1 -1 1 1 1 -1 -1 1 
-1 -1 1 1 1 -1 -1 1 1 1 1 
-1 0 -1 0 1 1 0 -1 -1 1 1 
-1 0 0 -1 0 -1 1 1 -1 -1 -1 
-1 1 -1 1 -1 1 -1 1 1 -1 -1 
-1 1 -1 1 1 -1 1 -1 1 -1 1 
-1 1 0 -1 1 0 0 1 -1 1 -1 
-1 1 1 -1 -1 1 1 -1 1 1 1 
-1 1 1 1 -1 -1 -1 -1 -1 1 -1 
0 -1 -1 1 0 1 0 -1 -1 1 -1 
0 -1 0 0 -1 -1 1 -1 1 1 -1 
0 0 -1 -1 -1 0 -1 1 1 1 1 
0 0 0 0 0 0 0 -1 1 -1 -1 
0 0 0 0 0 0 0 1 -1 1 1 
0 0 1 1 1 0 1 -1 -1 -1 -1 
0 1 0 0 1 1 -1 1 -1 -1 1 
0 1 1 -1 0 -1 0 1 1 -1 1 
1 -1 -1 -1 1 1 1 1 1 -1 1 
1 -1 -1 1 1 -1 -1 1 -1 -1 -1 
1 -1 0 1 -1 0 0 -1 1 -1 1 
1 -1 1 -1 -1 1 -1 1 -1 1 -1 
1 -1 1 -1 1 -1 1 -1 -1 1 1 
1 0 0 1 0 1 -1 -1 1 1 1 
1 0 1 0 -1 -1 0 1 1 -1 -1 
1 1 -1 -1 -1 1 1 -1 -1 -1 -1 
1 1 -1 -1 1 -1 -1 -1 1 1 -1 
1 1 -1 1 -1 -1 1 1 -1 1 1 
1 1 1 0 0 0 -1 -1 -1 -1 1 
1 1 1 1 1 1 1 1 1 1 -1 
bd2cat-8-32-16-24-2
-1 -1 0 -1 -1 1 0 0 1 -1 
-1 -1 0 0 0 0 0 1 -1 1 
-1 0 -1 0 0 1 1 0 -1 1 
-1 0 0 0 1 0 0 0 1 -1 
-1 0 0 1 1 0 -1 -1 1 1 
-1 0 1 1 -1 -1 1 -1 -1 -1 
-1 1 -1 0 0 -1 0 1 1 -1 
-1 1 1 -1 0 0 -1 0 -1 1 
0 -1 -1 -1 1 -1 0 -1 -1 -1 
0 -1 0 0 -1 -1 -1 0 1 1 
0 -1 0 1 0 0 -1 1 -1 -1 
0 -1 1 0 1 0 1 0 1 1 
0 0 -1 0 -1 0 0 -1 1 1 
0 0 -1 1 0 0 0 0 -1 1 
0 0 0 -1 0 -1 0 0 -1 1 
0 0 0 0 0 -1 1 1 1 1 
0 0 0 0 0 1 -1 -1 -1 -1 
0 0 0 1 0 1 0 0 1 -1 
0 0 1 -1 0 0 0 0 1 -1 
0 0 1 0 1 0 0 1 -1 -1 
0 1 -1 0 -1 0 -1 0 -1 -1 
0 1 0 -1 0 0 1 -1 1 1 
0 1 0 0 1 1 1 0 -1 -1 
0 1 1 1 -1 1 0 1 1 1 
1 -1 -1 1 0 0 1 0 1 -1 
1 -1 1 0 0 1 0 -1 -1 1 
1 0 -1 -1 1 1 -1 1 1 1 
1 0 0 -1 -1 0 1 1 -1 -1 
1 0 0 0 -1 0 0 0 -1 1 
1 0 1 0 0 -1 -1 0 1 -1 
1 1 0 0 0 0 0 -1 1 -1 
1 1 0 1 1 -1 0 0 -1 1 
bd2cat-8-32-16-24-3
-1 -1 0 0 1 1 0 0 1 1 1 
-1 -1 1 0 -1 0 -1 -1 -1 -1 -1 
-1 0 -1 0 0 0 0 0 1 -1 -1 
-1 0 0 -1 0 0 -1 1 1 1 -1 
-1 0 0 0 0 1 1 1 -1 -1 1 
-1 0 1 1 -1 -1 1 0 1 1 1 
-1 1 -1 -1 0 -1 0 -1 -1 1 1 
-1 1 0 1 1 0 0 0 -1 -1 -1 
0 -1 -1 0 0 -1 1 0 1 -1 -1 
0 -1 -1 1 0 0 -1 0 -1 1 1 
0 -1 0 -1 0 -1 0 1 -1 -1 1 
0 -1 0 0 1 0 1 -1 -1 1 -1 
0 0 -1 0 -1 1 0 -1 1 -1 1 
0 0 -1 1 -1 0 0 1 -1 1 -1 
0 0 0 -1 -1 1 1 0 -1 1 -1 
0 0 0 0 0 0 0 0 -1 -1 1 
0 0 0 0 0 0 0 0 1 1 -1 
0 0 0 1 1 -1 -1 0 1 -1 1 
0 0 1 -1 1 0 0 -1 1 -1 1 
0 0 1 0 1 -1 0 1 -1 1 -1 
0 1 0 0 -1 0 -1 1 1 -1 1 
0 1 0 1 0 1 0 -1 1 1 -1 
0 1 1 -1 0 0 1 0 1 -1 -1 
0 1 1 0 0 1 -1 0 -1 1 1 
1 -1 0 -1 -1 0 0 0 1 1 1 
1 -1 1 1 0 1 0 1 1 -1 -1 
1 0 -1 -1 1 1 -1 0 -1 -1 -1 
1 0 0 0 0 -1 -1 -1 1 1 -1 
1 0 0 1 0 0 1 -1 -1 -1 1 
1 0 1 0 0 0 0 0 -1 1 1 
1 1 -1 0 1 0 1 1 1 1 1 
1 1 0 0 -1 -1 0 0 -1 -1 -1 
bd2cat-8-32-16-24-4
-1 -1 -1 1 -1 0 0 1 -1 1 1 -1 
-1 -1 0 -1 1 0 0 0 -1 -1 1 1 
-1 0 0 -1 0 0 1 1 1 -1 -1 -1 
-1 0 0 0 1 1 0 -1 -1 1 -1 -1 
-1 0 1 0 -1 0 -1 0 1 1 -1 1 
-1 0 1 1 0 -1 0 0 -1 -1 -1 1 
-1 1 -1 0 0 -1 1 -1 1 1 1 1 
-1 1 0 0 0 1 -1 0 1 -1 1 -1 
0 -1 -1 0 1 0 -1 0 1 1 -1 1 
0 -1 0 0 -1 1 0 -1 1 -1 1 1 
0 -1 0 1 0 0 1 -1 1 -1 -1 -1 
0 -1 1 -1 0 -1 0 0 1 1 1 -1 
0 0 -1 -1 -1 -1 -1 -1 -1 -1 -1 -1 
0 0 -1 0 0 0 0 1 1 -1 -1 1 
0 0 0 -1 -1 1 1 0 -1 1 -1 1 
0 0 0 0 0 0 0 0 -1 -1 1 1 
0 0 0 0 0 0 0 0 1 1 -1 -1 
0 0 0 1 1 -1 -1 0 1 -1 1 -1 
0 0 1 0 0 0 0 -1 -1 1 1 -1 
0 0 1 1 1 1 1 1 1 1 1 1 
0 1 -1 1 0 1 0 0 -1 -1 -1 1 
0 1 0 -1 0 0 -1 1 -1 1 1 1 
0 1 0 0 1 -1 0 1 -1 1 -1 -1 
0 1 1 0 -1 0 1 0 -1 -1 1 -1 
1 -1 0 0 0 -1 1 0 -1 1 -1 1 
1 -1 1 0 0 1 -1 1 -1 -1 -1 -1 
1 0 -1 -1 0 1 0 0 1 1 1 -1 
1 0 -1 0 1 0 1 0 -1 -1 1 -1 
1 0 0 0 -1 -1 0 1 1 -1 1 1 
1 0 0 1 0 0 -1 -1 -1 1 1 1 
1 1 0 1 -1 0 0 0 1 1 -1 -1 
1 1 1 -1 1 0 0 -1 1 -1 -1 1 
